0 0.398224 0.127655 0.084633 0.074897
0 0.283977 0.099742 0.113205 0.111649
0 0.417085 0.692732 0.148919 0.058557
0 0.541158 0.218737 0.157220 0.133454
0 0.666602 0.304459 0.106178 0.152629
0 0.759788 0.453763 0.097876 0.160722
0 0.815367 0.528660 0.064247 0.171546
0 0.849324 0.811186 0.085676 0.155258
0 0.781216 0.938505 0.106062 0.073505
0 0.718475 0.892216 0.149923 0.046289
0 0.648610 0.862938 0.167259 0.077629
0 0.569054 0.818686 0.155019 0.076237
0 0.498687 0.753325 0.157066 0.057165
0 0.356911 0.587887 0.148880 0.159278
0 0.292162 0.489845 0.127490 0.151134
0 0.216178 0.356392 0.157066 0.129381
0 0.171795 0.246804 0.074479 0.117113
