1 0.13942307692307693 0.3942307692307692 0.028846153846153848 0.04326923076923077
1 0.15625 0.4519230769230769 0.021634615384615384 0.03365384615384615
1 0.0985576923076923 0.4375 0.036057692307692304 0.04326923076923077
1 0.18990384615384615 0.47115384615384615 0.021634615384615384 0.03365384615384615
1 0.2283653846153846 0.5192307692307693 0.03365384615384615 0.038461538461538464
1 0.5600961538461539 0.39903846153846156 0.08413461538461539 0.10576923076923077
1 0.5600961538461539 0.5600961538461539 0.09375 0.11298076923076923
1 0.40625 0.5240384615384616 0.038461538461538464 0.052884615384615384
1 0.8125 0.4326923076923077 0.05048076923076923 0.06009615384615385
1 0.8197115384615384 0.5721153846153846 0.08173076923076923 0.1346153846153846
1 0.7668269230769231 0.5625 0.052884615384615384 0.057692307692307696
1 0.8846153846153846 0.5913461538461539 0.057692307692307696 0.0985576923076923
1 0.9110576923076923 0.45913461538461536 0.052884615384615384 0.13221153846153846
1 0.9399038461538461 0.5384615384615384 0.028846153846153848 0.052884615384615384
1 0.4639423076923077 0.5384615384615384 0.026442307692307692 0.03365384615384615
1 0.13942307692307693 0.46153846153846156 0.052884615384615384 0.0673076923076923
1 0.08653846153846154 0.5120192307692307 0.026442307692307692 0.036057692307692304
1 0.20673076923076922 0.4543269230769231 0.021634615384615384 0.028846153846153848