1 0.6057692307692307 0.13942307692307693 0.04326923076923077 0.028846153846153848
1 0.5480769230769231 0.15625 0.03365384615384615 0.021634615384615384
1 0.5625 0.0985576923076923 0.04326923076923077 0.036057692307692304
1 0.5288461538461539 0.18990384615384615 0.03365384615384615 0.021634615384615384
1 0.4807692307692308 0.2283653846153846 0.038461538461538464 0.03365384615384615
1 0.6009615384615384 0.5600961538461539 0.10576923076923077 0.08413461538461539
1 0.43990384615384615 0.5600961538461539 0.11298076923076923 0.09375
1 0.47596153846153844 0.40625 0.052884615384615384 0.038461538461538464
1 0.5673076923076923 0.8125 0.06009615384615385 0.05048076923076923
1 0.42788461538461536 0.8197115384615384 0.1346153846153846 0.08173076923076923
1 0.4375 0.7668269230769231 0.057692307692307696 0.052884615384615384
1 0.40865384615384615 0.8846153846153846 0.0985576923076923 0.057692307692307696
1 0.5408653846153846 0.9110576923076923 0.13221153846153846 0.052884615384615384
1 0.46153846153846156 0.9399038461538461 0.052884615384615384 0.028846153846153848
1 0.46153846153846156 0.4639423076923077 0.03365384615384615 0.026442307692307692
1 0.5384615384615384 0.13942307692307693 0.0673076923076923 0.052884615384615384
1 0.4879807692307692 0.08653846153846154 0.036057692307692304 0.026442307692307692
1 0.5456730769230769 0.20673076923076922 0.028846153846153848 0.021634615384615384