1 0.2860576923076923 0.6778846153846154 0.019230769230769232 0.019230769230769232
1 0.36538461538461536 0.2091346153846154 0.019230769230769232 0.019230769230769232
1 0.3942307692307692 0.1875 0.019230769230769232 0.019230769230769232
1 0.4254807692307692 0.15625 0.021634615384615384 0.019230769230769232
1 0.4567307692307692 0.2091346153846154 0.019230769230769232 0.014423076923076924
1 0.2932692307692308 0.21875 0.014423076923076924 0.014423076923076924
1 0.3125 0.23076923076923078 0.019230769230769232 0.021634615384615384
1 0.46634615384615385 0.4423076923076923 0.028846153846153848 0.03365384615384615
1 0.5144230769230769 0.4254807692307692 0.021634615384615384 0.026442307692307692
1 0.5096153846153846 0.49038461538461536 0.019230769230769232 0.019230769230769232
1 0.41586538461538464 0.46634615384615385 0.028846153846153848 0.038461538461538464
1 0.4326923076923077 0.4495192307692308 0.026442307692307692 0.038461538461538464
1 0.6394230769230769 0.5649038461538461 0.026442307692307692 0.028846153846153848
1 0.5649038461538461 0.5576923076923077 0.021634615384615384 0.021634615384615384
1 0.6033653846153846 0.6057692307692307 0.019230769230769232 0.019230769230769232
1 0.4375 0.5288461538461539 0.03365384615384615 0.03365384615384615
1 0.4639423076923077 0.5216346153846154 0.019230769230769232 0.021634615384615384
1 0.40625 0.5288461538461539 0.019230769230769232 0.021634615384615384
1 0.41346153846153844 0.4951923076923077 0.019230769230769232 0.019230769230769232
1 0.42788461538461536 0.5024038461538461 0.019230769230769232 0.019230769230769232
1 0.44471153846153844 0.5048076923076923 0.03365384615384615 0.021634615384615384
1 0.5600961538461539 0.6033653846153846 0.04807692307692308 0.03365384615384615
1 0.5216346153846154 0.5817307692307693 0.026442307692307692 0.026442307692307692
1 0.49759615384615385 0.6033653846153846 0.026442307692307692 0.019230769230769232
1 0.4206730769230769 0.6129807692307693 0.03365384615384615 0.03365384615384615
1 0.4879807692307692 0.6274038461538461 0.040865384615384616 0.03365384615384615
1 0.4567307692307692 0.6105769230769231 0.026442307692307692 0.026442307692307692
1 0.46153846153846156 0.5865384615384616 0.019230769230769232 0.009615384615384616
1 0.44471153846153844 0.5841346153846154 0.019230769230769232 0.019230769230769232
1 0.4735576923076923 0.5625 0.014423076923076924 0.019230769230769232
1 0.36538461538461536 0.7043269230769231 0.03365384615384615 0.026442307692307692
1 0.3173076923076923 0.10576923076923077 0.040865384615384616 0.040865384615384616
1 0.4014423076923077 0.8990384615384616 0.026442307692307692 0.021634615384615384
1 0.2956730769230769 0.5793269230769231 0.028846153846153848 0.021634615384615384
1 0.23798076923076922 0.5120192307692307 0.021634615384615384 0.026442307692307692
1 0.2620192307692308 0.5745192307692307 0.019230769230769232 0.026442307692307692
1 0.25721153846153844 0.6778846153846154 0.014423076923076924 0.021634615384615384