1 0.47596153846153844 0.4014423076923077 0.05048076923076923 0.038461538461538464
1 0.5336538461538461 0.5096153846153846 0.08173076923076923 0.0673076923076923
1 0.6129807692307693 0.4951923076923077 0.057692307692307696 0.04326923076923077
1 0.6490384615384616 0.5745192307692307 0.055288461538461536 0.07932692307692307
1 0.7307692307692307 0.6923076923076923 0.0625 0.08653846153846154
1 0.6586538461538461 0.7668269230769231 0.055288461538461536 0.055288461538461536
1 0.5576923076923077 0.7403846153846154 0.0985576923076923 0.07932692307692307
1 0.3942307692307692 0.6802884615384616 0.0673076923076923 0.08173076923076923
1 0.46875 0.6658653846153846 0.038461538461538464 0.07451923076923077
1 0.46875 0.8293269230769231 0.021634615384615384 0.057692307692307696
1 0.2403846153846154 0.5697115384615384 0.0985576923076923 0.11538461538461539
1 0.17307692307692307 0.49278846153846156 0.026442307692307692 0.021634615384615384
1 0.1875 0.5480769230769231 0.03365384615384615 0.038461538461538464
1 0.22596153846153846 0.3317307692307692 0.0673076923076923 0.05048076923076923
1 0.3629807692307692 0.31009615384615385 0.0673076923076923 0.038461538461538464
1 0.4567307692307692 0.4375 0.026442307692307692 0.026442307692307692
1 0.7740384615384616 0.35096153846153844 0.04326923076923077 0.021634615384615384
1 0.38221153846153844 0.24759615384615385 0.07451923076923077 0.057692307692307696
1 0.16346153846153846 0.20192307692307693 0.04567307692307692 0.07932692307692307
1 0.15144230769230768 0.39903846153846156 0.03125 0.026442307692307692