1 0.5240384615384616 0.5985576923076923 0.05048076923076923 0.038461538461538464
1 0.46634615384615385 0.49038461538461536 0.08173076923076923 0.0673076923076923
1 0.3870192307692308 0.5048076923076923 0.057692307692307696 0.04326923076923077
1 0.35096153846153844 0.4254807692307692 0.055288461538461536 0.07932692307692307
1 0.2692307692307692 0.3076923076923077 0.0625 0.08653846153846154
1 0.34134615384615385 0.23317307692307693 0.055288461538461536 0.055288461538461536
1 0.4423076923076923 0.25961538461538464 0.0985576923076923 0.07932692307692307
1 0.6057692307692307 0.31971153846153844 0.0673076923076923 0.08173076923076923
1 0.53125 0.33413461538461536 0.038461538461538464 0.07451923076923077
1 0.53125 0.17067307692307693 0.021634615384615384 0.057692307692307696
1 0.7596153846153846 0.43028846153846156 0.0985576923076923 0.11538461538461539
1 0.8269230769230769 0.5072115384615384 0.026442307692307692 0.021634615384615384
1 0.8125 0.4519230769230769 0.03365384615384615 0.038461538461538464
1 0.7740384615384616 0.6682692307692307 0.0673076923076923 0.05048076923076923
1 0.6370192307692307 0.6899038461538461 0.0673076923076923 0.038461538461538464
1 0.5432692307692307 0.5625 0.026442307692307692 0.026442307692307692
1 0.22596153846153846 0.6490384615384616 0.04326923076923077 0.021634615384615384
1 0.6177884615384616 0.7524038461538461 0.07451923076923077 0.057692307692307696
1 0.8365384615384616 0.7980769230769231 0.04567307692307692 0.07932692307692307
1 0.8485576923076923 0.6009615384615384 0.03125 0.026442307692307692