1 0.4014423076923077 0.5240384615384616 0.038461538461538464 0.05048076923076923
1 0.5096153846153846 0.46634615384615385 0.0673076923076923 0.08173076923076923
1 0.4951923076923077 0.3870192307692308 0.04326923076923077 0.057692307692307696
1 0.5745192307692307 0.35096153846153844 0.07932692307692307 0.055288461538461536
1 0.6923076923076923 0.2692307692307692 0.08653846153846154 0.0625
1 0.7668269230769231 0.34134615384615385 0.055288461538461536 0.055288461538461536
1 0.7403846153846154 0.4423076923076923 0.07932692307692307 0.0985576923076923
1 0.6802884615384616 0.6057692307692307 0.08173076923076923 0.0673076923076923
1 0.6658653846153846 0.53125 0.07451923076923077 0.038461538461538464
1 0.8293269230769231 0.53125 0.057692307692307696 0.021634615384615384
1 0.5697115384615384 0.7596153846153846 0.11538461538461539 0.0985576923076923
1 0.49278846153846156 0.8269230769230769 0.021634615384615384 0.026442307692307692
1 0.5480769230769231 0.8125 0.038461538461538464 0.03365384615384615
1 0.3317307692307692 0.7740384615384616 0.05048076923076923 0.0673076923076923
1 0.31009615384615385 0.6370192307692307 0.038461538461538464 0.0673076923076923
1 0.4375 0.5432692307692307 0.026442307692307692 0.026442307692307692
1 0.35096153846153844 0.22596153846153846 0.021634615384615384 0.04326923076923077
1 0.24759615384615385 0.6177884615384616 0.057692307692307696 0.07451923076923077
1 0.20192307692307693 0.8365384615384616 0.07932692307692307 0.04567307692307692
1 0.39903846153846156 0.8485576923076923 0.026442307692307692 0.03125