1 0.5649038461538461 0.53125 0.036057692307692304 0.036057692307692304
1 0.6899038461538461 0.5456730769230769 0.04326923076923077 0.036057692307692304
1 0.25 0.6057692307692307 0.052884615384615384 0.04567307692307692
1 0.05048076923076923 0.7548076923076923 0.07932692307692307 0.052884615384615384
1 0.37740384615384615 0.47596153846153844 0.038461538461538464 0.038461538461538464
1 0.45913461538461536 0.4519230769230769 0.04567307692307692 0.038461538461538464
1 0.44711538461538464 0.5168269230769231 0.04567307692307692 0.028846153846153848
1 0.6466346153846154 0.46634615384615385 0.04326923076923077 0.06009615384615385
1 0.7596153846153846 0.47836538461538464 0.016826923076923076 0.016826923076923076
1 0.8125 0.5360576923076923 0.04326923076923077 0.06009615384615385
1 0.38221153846153844 0.5528846153846154 0.028846153846153848 0.03125
1 0.8509615384615384 0.6370192307692307 0.05048076923076923 0.028846153846153848
1 0.9807692307692307 0.5817307692307693 0.038461538461538464 0.052884615384615384
1 0.6754807692307693 0.6346153846153846 0.04567307692307692 0.02403846153846154