1 0.53125 0.43509615384615385 0.036057692307692304 0.036057692307692304
1 0.5456730769230769 0.31009615384615385 0.036057692307692304 0.04326923076923077
1 0.6057692307692307 0.75 0.04567307692307692 0.052884615384615384
1 0.7548076923076923 0.9495192307692307 0.052884615384615384 0.07932692307692307
1 0.47596153846153844 0.6225961538461539 0.038461538461538464 0.038461538461538464
1 0.4519230769230769 0.5408653846153846 0.038461538461538464 0.04567307692307692
1 0.5168269230769231 0.5528846153846154 0.028846153846153848 0.04567307692307692
1 0.46634615384615385 0.35336538461538464 0.06009615384615385 0.04326923076923077
1 0.47836538461538464 0.2403846153846154 0.016826923076923076 0.016826923076923076
1 0.5360576923076923 0.1875 0.06009615384615385 0.04326923076923077
1 0.5528846153846154 0.6177884615384616 0.03125 0.028846153846153848
1 0.6370192307692307 0.14903846153846154 0.028846153846153848 0.05048076923076923
1 0.5817307692307693 0.019230769230769232 0.052884615384615384 0.038461538461538464
1 0.6346153846153846 0.3245192307692308 0.02403846153846154 0.04567307692307692