0 0.4951923076923077 0.5 0.5889423076923077 0.2668269230769231
1 0.6923076923076923 0.6610576923076923 0.21394230769230768 0.09615384615384616
1 0.2403846153846154 0.08173076923076923 0.12980769230769232 0.125
1 0.42788461538461536 0.07692307692307693 0.057692307692307696 0.06009615384615385
1 0.35336538461538464 0.016826923076923076 0.06009615384615385 0.03125
1 0.38221153846153844 0.3173076923076923 0.04567307692307692 0.04567307692307692
1 0.3245192307692308 0.2980769230769231 0.038461538461538464 0.04326923076923077
1 0.31971153846153844 0.9423076923076923 0.11538461538461539 0.10336538461538461
1 0.22115384615384615 0.8629807692307693 0.08653846153846154 0.11538461538461539
1 0.1875 0.8052884615384616 0.04326923076923077 0.06490384615384616
1 0.1875 0.6826923076923077 0.04326923076923077 0.07451923076923077
1 0.3173076923076923 0.71875 0.0673076923076923 0.08173076923076923
1 0.25240384615384615 0.6971153846153846 0.0889423076923077 0.11538461538461539
1 0.3870192307692308 0.7043269230769231 0.07932692307692307 0.07451923076923077
1 0.4326923076923077 0.8052884615384616 0.0673076923076923 0.10817307692307693
1 0.5600961538461539 0.9495192307692307 0.12259615384615384 0.10096153846153846
1 0.7355769230769231 0.78125 0.04326923076923077 0.06490384615384616
1 0.4110576923076923 0.6346153846153846 0.10817307692307693 0.057692307692307696
1 0.5697115384615384 0.7091346153846154 0.07451923076923077 0.052884615384615384
1 0.5576923076923077 0.4543269230769231 0.11778846153846154 0.08173076923076923
1 0.6538461538461539 0.8798076923076923 0.052884615384615384 0.04326923076923077