0 0.5 0.5048076923076923 0.2668269230769231 0.5889423076923077
1 0.6610576923076923 0.3076923076923077 0.09615384615384616 0.21394230769230768
1 0.08173076923076923 0.7596153846153846 0.125 0.12980769230769232
1 0.07692307692307693 0.5721153846153846 0.06009615384615385 0.057692307692307696
1 0.016826923076923076 0.6466346153846154 0.03125 0.06009615384615385
1 0.3173076923076923 0.6177884615384616 0.04567307692307692 0.04567307692307692
1 0.2980769230769231 0.6754807692307693 0.04326923076923077 0.038461538461538464
1 0.9423076923076923 0.6802884615384616 0.10336538461538461 0.11538461538461539
1 0.8629807692307693 0.7788461538461539 0.11538461538461539 0.08653846153846154
1 0.8052884615384616 0.8125 0.06490384615384616 0.04326923076923077
1 0.6826923076923077 0.8125 0.07451923076923077 0.04326923076923077
1 0.71875 0.6826923076923077 0.08173076923076923 0.0673076923076923
1 0.6971153846153846 0.7475961538461539 0.11538461538461539 0.0889423076923077
1 0.7043269230769231 0.6129807692307693 0.07451923076923077 0.07932692307692307
1 0.8052884615384616 0.5673076923076923 0.10817307692307693 0.0673076923076923
1 0.9495192307692307 0.43990384615384615 0.10096153846153846 0.12259615384615384
1 0.78125 0.2644230769230769 0.06490384615384616 0.04326923076923077
1 0.6346153846153846 0.5889423076923077 0.057692307692307696 0.10817307692307693
1 0.7091346153846154 0.43028846153846156 0.052884615384615384 0.07451923076923077
1 0.4543269230769231 0.4423076923076923 0.08173076923076923 0.11778846153846154
1 0.8798076923076923 0.34615384615384615 0.04326923076923077 0.052884615384615384