1 0.47596153846153844 0.4326923076923077 0.016826923076923076 0.028846153846153848
1 0.2956730769230769 0.34134615384615385 0.052884615384615384 0.03365384615384615
1 0.3918269230769231 0.4326923076923077 0.028846153846153848 0.04567307692307692
1 0.4855769230769231 0.5384615384615384 0.04807692307692308 0.052884615384615384
1 0.4855769230769231 0.6057692307692307 0.04567307692307692 0.03365384615384615
1 0.4110576923076923 0.5841346153846154 0.028846153846153848 0.036057692307692304
1 0.11538461538461539 0.6586538461538461 0.08173076923076923 0.09375
1 0.5456730769230769 0.6586538461538461 0.03365384615384615 0.026442307692307692
1 0.5769230769230769 0.6057692307692307 0.021634615384615384 0.028846153846153848
1 0.7259615384615384 0.6153846153846154 0.021634615384615384 0.026442307692307692
1 0.7884615384615384 0.6225961538461539 0.026442307692307692 0.03365384615384615
1 0.8076923076923077 0.4879807692307692 0.026442307692307692 0.03365384615384615
1 0.6899038461538461 0.6225961538461539 0.03365384615384615 0.026442307692307692
1 0.5144230769230769 0.39663461538461536 0.04567307692307692 0.028846153846153848
1 0.5600961538461539 0.30528846153846156 0.028846153846153848 0.04807692307692308