1 0.5673076923076923 0.47596153846153844 0.028846153846153848 0.016826923076923076
1 0.6586538461538461 0.2956730769230769 0.03365384615384615 0.052884615384615384
1 0.5673076923076923 0.3918269230769231 0.04567307692307692 0.028846153846153848
1 0.46153846153846156 0.4855769230769231 0.052884615384615384 0.04807692307692308
1 0.3942307692307692 0.4855769230769231 0.03365384615384615 0.04567307692307692
1 0.41586538461538464 0.4110576923076923 0.036057692307692304 0.028846153846153848
1 0.34134615384615385 0.11538461538461539 0.09375 0.08173076923076923
1 0.34134615384615385 0.5456730769230769 0.026442307692307692 0.03365384615384615
1 0.3942307692307692 0.5769230769230769 0.028846153846153848 0.021634615384615384
1 0.38461538461538464 0.7259615384615384 0.026442307692307692 0.021634615384615384
1 0.37740384615384615 0.7884615384615384 0.03365384615384615 0.026442307692307692
1 0.5120192307692307 0.8076923076923077 0.03365384615384615 0.026442307692307692
1 0.37740384615384615 0.6899038461538461 0.026442307692307692 0.03365384615384615
1 0.6033653846153846 0.5144230769230769 0.028846153846153848 0.04567307692307692
1 0.6947115384615384 0.5600961538461539 0.04807692307692308 0.028846153846153848