1 0.4326923076923077 0.5240384615384616 0.028846153846153848 0.016826923076923076
1 0.34134615384615385 0.7043269230769231 0.03365384615384615 0.052884615384615384
1 0.4326923076923077 0.6081730769230769 0.04567307692307692 0.028846153846153848
1 0.5384615384615384 0.5144230769230769 0.052884615384615384 0.04807692307692308
1 0.6057692307692307 0.5144230769230769 0.03365384615384615 0.04567307692307692
1 0.5841346153846154 0.5889423076923077 0.036057692307692304 0.028846153846153848
1 0.6586538461538461 0.8846153846153846 0.09375 0.08173076923076923
1 0.6586538461538461 0.4543269230769231 0.026442307692307692 0.03365384615384615
1 0.6057692307692307 0.4230769230769231 0.028846153846153848 0.021634615384615384
1 0.6153846153846154 0.27403846153846156 0.026442307692307692 0.021634615384615384
1 0.6225961538461539 0.21153846153846154 0.03365384615384615 0.026442307692307692
1 0.4879807692307692 0.19230769230769232 0.03365384615384615 0.026442307692307692
1 0.6225961538461539 0.31009615384615385 0.026442307692307692 0.03365384615384615
1 0.39663461538461536 0.4855769230769231 0.028846153846153848 0.04567307692307692
1 0.30528846153846156 0.43990384615384615 0.04807692307692308 0.028846153846153848