1 0.5024038461538461 0.25961538461538464 0.03125 0.03125
1 0.5697115384615384 0.5432692307692307 0.04807692307692308 0.052884615384615384
1 0.53125 0.6033653846153846 0.04567307692307692 0.052884615384615384
1 0.47596153846153844 0.5913461538461539 0.04326923076923077 0.040865384615384616
1 0.4110576923076923 0.6105769230769231 0.057692307692307696 0.06490384615384616
1 0.4495192307692308 0.6538461538461539 0.05048076923076923 0.05048076923076923
1 0.5649038461538461 0.6802884615384616 0.036057692307692304 0.06971153846153846
1 0.5240384615384616 0.71875 0.02403846153846154 0.055288461538461536
1 0.5721153846153846 0.7403846153846154 0.028846153846153848 0.04567307692307692
1 0.5432692307692307 0.8004807692307693 0.04326923076923077 0.057692307692307696
1 0.4855769230769231 0.7788461538461539 0.04326923076923077 0.040865384615384616
1 0.5024038461538461 0.7956730769230769 0.036057692307692304 0.05048076923076923
1 0.4206730769230769 0.15625 0.021634615384615384 0.02403846153846154
1 0.4014423076923077 0.1466346153846154 0.01201923076923077 0.014423076923076924
1 0.36538461538461536 0.0673076923076923 0.026442307692307692 0.028846153846153848
1 0.3293269230769231 0.026442307692307692 0.028846153846153848 0.03125
1 0.5336538461538461 0.2692307692307692 0.021634615384615384 0.04567307692307692