1 0.49759615384615385 0.7403846153846154 0.03125 0.03125
1 0.43028846153846156 0.4567307692307692 0.04807692307692308 0.052884615384615384
1 0.46875 0.39663461538461536 0.04567307692307692 0.052884615384615384
1 0.5240384615384616 0.40865384615384615 0.04326923076923077 0.040865384615384616
1 0.5889423076923077 0.3894230769230769 0.057692307692307696 0.06490384615384616
1 0.5504807692307693 0.34615384615384615 0.05048076923076923 0.05048076923076923
1 0.43509615384615385 0.31971153846153844 0.036057692307692304 0.06971153846153846
1 0.47596153846153844 0.28125 0.02403846153846154 0.055288461538461536
1 0.42788461538461536 0.25961538461538464 0.028846153846153848 0.04567307692307692
1 0.4567307692307692 0.19951923076923078 0.04326923076923077 0.057692307692307696
1 0.5144230769230769 0.22115384615384615 0.04326923076923077 0.040865384615384616
1 0.49759615384615385 0.20432692307692307 0.036057692307692304 0.05048076923076923
1 0.5793269230769231 0.84375 0.021634615384615384 0.02403846153846154
1 0.5985576923076923 0.8533653846153846 0.01201923076923077 0.014423076923076924
1 0.6346153846153846 0.9326923076923077 0.026442307692307692 0.028846153846153848
1 0.6706730769230769 0.9735576923076923 0.028846153846153848 0.03125
1 0.46634615384615385 0.7307692307692307 0.021634615384615384 0.04567307692307692