1 0.24519230769230768 0.6490384615384616 0.019230769230769232 0.028846153846153848
1 0.6875 0.47596153846153844 0.019230769230769232 0.04326923076923077
1 0.6971153846153846 0.4375 0.03365384615384615 0.03365384615384615
1 0.6923076923076923 0.41586538461538464 0.03365384615384615 0.016826923076923076
1 0.7596153846153846 0.3894230769230769 0.05048076923076923 0.036057692307692304
1 0.7475961538461539 0.4807692307692308 0.028846153846153848 0.026442307692307692
1 0.7692307692307693 0.4879807692307692 0.028846153846153848 0.02403846153846154
1 0.8197115384615384 0.49278846153846156 0.03365384615384615 0.026442307692307692
1 0.7980769230769231 0.44711538461538464 0.03365384615384615 0.026442307692307692
1 0.8509615384615384 0.4495192307692308 0.026442307692307692 0.026442307692307692
1 0.8389423076923077 0.38221153846153844 0.026442307692307692 0.019230769230769232
1 0.8677884615384616 0.41346153846153844 0.026442307692307692 0.028846153846153848
1 0.5336538461538461 0.6875 0.016826923076923076 0.019230769230769232
1 0.4879807692307692 0.5408653846153846 0.05048076923076923 0.06009615384615385
1 0.4543269230769231 0.5817307692307693 0.04807692307692308 0.019230769230769232
1 0.47836538461538464 0.6081730769230769 0.019230769230769232 0.02403846153846154
1 0.49038461538461536 0.625 0.026442307692307692 0.028846153846153848
1 0.49278846153846156 0.6634615384615384 0.009615384615384616 0.019230769230769232
1 0.5600961538461539 0.5865384615384616 0.028846153846153848 0.026442307692307692
1 0.5913461538461539 0.5576923076923077 0.02403846153846154 0.026442307692307692
1 0.6153846153846154 0.5480769230769231 0.02403846153846154 0.02403846153846154
1 0.5576923076923077 0.4951923076923077 0.028846153846153848 0.026442307692307692
1 0.5697115384615384 0.46634615384615385 0.028846153846153848 0.02403846153846154
1 0.5480769230769231 0.43028846153846156 0.03365384615384615 0.028846153846153848
1 0.6129807692307693 0.46875 0.01201923076923077 0.016826923076923076
1 0.5408653846153846 0.3798076923076923 0.028846153846153848 0.057692307692307696
1 0.4230769230769231 0.49038461538461536 0.03365384615384615 0.040865384615384616
1 0.4543269230769231 0.4735576923076923 0.026442307692307692 0.026442307692307692
1 0.44711538461538464 0.5528846153846154 0.019230769230769232 0.019230769230769232
1 0.43509615384615385 0.5384615384615384 0.01201923076923077 0.019230769230769232
1 0.4230769230769231 0.5216346153846154 0.019230769230769232 0.01201923076923077
1 0.47596153846153844 0.44471153846153844 0.019230769230769232 0.019230769230769232
1 0.47836538461538464 0.4639423076923077 0.016826923076923076 0.016826923076923076
1 0.5048076923076923 0.46153846153846156 0.016826923076923076 0.02403846153846154
1 0.43028846153846156 0.4110576923076923 0.03365384615384615 0.036057692307692304
1 0.43028846153846156 0.44471153846153844 0.02403846153846154 0.019230769230769232
1 0.4110576923076923 0.46875 0.009615384615384616 0.02403846153846154
1 0.40625 0.4519230769230769 0.01201923076923077 0.009615384615384616
1 0.5024038461538461 0.37740384615384615 0.01201923076923077 0.019230769230769232
1 0.5072115384615384 0.41346153846153844 0.02403846153846154 0.019230769230769232
1 0.47836538461538464 0.4182692307692308 0.02403846153846154 0.026442307692307692
1 0.4639423076923077 0.39663461538461536 0.009615384615384616 0.009615384615384616
1 0.4495192307692308 0.3605769230769231 0.016826923076923076 0.02403846153846154
1 0.5528846153846154 0.34615384615384615 0.028846153846153848 0.036057692307692304
1 0.5817307692307693 0.37259615384615385 0.01201923076923077 0.02403846153846154
1 0.6009615384615384 0.4182692307692308 0.019230769230769232 0.02403846153846154
1 0.5360576923076923 0.6274038461538461 0.009615384615384616 0.02403846153846154
1 0.5384615384615384 0.6081730769230769 0.019230769230769232 0.028846153846153848
1 0.5528846153846154 0.6322115384615384 0.01201923076923077 0.016826923076923076
1 0.5649038461538461 0.6177884615384616 0.028846153846153848 0.02403846153846154
1 0.21394230769230768 0.6225961538461539 0.040865384615384616 0.07451923076923077
1 0.18028846153846154 0.625 0.02403846153846154 0.02403846153846154
1 0.17307692307692307 0.6009615384615384 0.016826923076923076 0.01201923076923077
1 0.17067307692307693 0.5889423076923077 0.01201923076923077 0.01201923076923077
1 0.25961538461538464 0.4423076923076923 0.040865384615384616 0.04326923076923077
1 0.28846153846153844 0.5144230769230769 0.02403846153846154 0.028846153846153848
1 0.2644230769230769 0.5384615384615384 0.028846153846153848 0.04326923076923077
1 0.25961538461538464 0.5913461538461539 0.016826923076923076 0.02403846153846154
1 0.24519230769230768 0.6033653846153846 0.019230769230769232 0.016826923076923076
1 0.2644230769230769 0.6442307692307693 0.016826923076923076 0.02403846153846154
1 0.1778846153846154 0.4326923076923077 0.02403846153846154 0.036057692307692304
1 0.17067307692307693 0.46875 0.019230769230769232 0.040865384615384616
1 0.15865384615384615 0.5264423076923077 0.040865384615384616 0.040865384615384616
1 0.15625 0.49759615384615385 0.05048076923076923 0.028846153846153848
1 0.19951923076923078 0.5360576923076923 0.02403846153846154 0.028846153846153848
1 0.17307692307692307 0.36778846153846156 0.019230769230769232 0.026442307692307692
1 0.2403846153846154 0.3629807692307692 0.028846153846153848 0.04326923076923077
1 0.25240384615384615 0.4014423076923077 0.03365384615384615 0.03365384615384615
1 0.31490384615384615 0.47836538461538464 0.026442307692307692 0.040865384615384616