1 0.052884615384615384 0.5817307692307693 0.01201923076923077 0.014423076923076924
1 0.13942307692307693 0.5504807692307693 0.02403846153846154 0.026442307692307692
1 0.14182692307692307 0.5288461538461539 0.009615384615384616 0.021634615384615384
1 0.0985576923076923 0.5793269230769231 0.019230769230769232 0.019230769230769232
1 0.07211538461538461 0.5456730769230769 0.01201923076923077 0.016826923076923076
1 0.23557692307692307 0.4951923076923077 0.02403846153846154 0.026442307692307692
1 0.21875 0.47596153846153844 0.014423076923076924 0.02403846153846154
1 0.03125 0.5673076923076923 0.021634615384615384 0.016826923076923076
1 0.25240384615384615 0.4110576923076923 0.01201923076923077 0.016826923076923076
1 0.2091346153846154 0.44471153846153844 0.01201923076923077 0.019230769230769232
1 0.2403846153846154 0.47596153846153844 0.004807692307692308 0.016826923076923076
1 0.2548076923076923 0.5865384615384616 0.01201923076923077 0.014423076923076924
1 0.18269230769230768 0.5384615384615384 0.01201923076923077 0.016826923076923076
1 0.27163461538461536 0.47115384615384615 0.04567307692307692 0.016826923076923076
1 0.27163461538461536 0.4206730769230769 0.009615384615384616 0.026442307692307692
1 0.24519230769230768 0.43990384615384615 0.004807692307692308 0.007211538461538462
1 0.24278846153846154 0.3918269230769231 0.014423076923076924 0.009615384615384616
1 0.28125 0.5216346153846154 0.03125 0.019230769230769232
1 0.1971153846153846 0.5600961538461539 0.02403846153846154 0.014423076923076924
1 0.2692307692307692 0.5504807692307693 0.01201923076923077 0.019230769230769232
1 0.31009615384615385 0.4951923076923077 0.01201923076923077 0.01201923076923077
1 0.6009615384615384 0.4807692307692308 0.028846153846153848 0.03125
1 0.6177884615384616 0.5216346153846154 0.021634615384615384 0.019230769230769232
1 0.5649038461538461 0.5528846153846154 0.01201923076923077 0.01201923076923077
1 0.5721153846153846 0.5817307692307693 0.021634615384615384 0.021634615384615384
1 0.6394230769230769 0.5144230769230769 0.021634615384615384 0.02403846153846154
1 0.5576923076923077 0.4519230769230769 0.019230769230769232 0.019230769230769232
1 0.7355769230769231 0.46875 0.014423076923076924 0.026442307692307692