1 0.4182692307692308 0.052884615384615384 0.014423076923076924 0.01201923076923077
1 0.4495192307692308 0.13942307692307693 0.026442307692307692 0.02403846153846154
1 0.47115384615384615 0.14182692307692307 0.021634615384615384 0.009615384615384616
1 0.4206730769230769 0.0985576923076923 0.019230769230769232 0.019230769230769232
1 0.4543269230769231 0.07211538461538461 0.016826923076923076 0.01201923076923077
1 0.5048076923076923 0.23557692307692307 0.026442307692307692 0.02403846153846154
1 0.5240384615384616 0.21875 0.02403846153846154 0.014423076923076924
1 0.4326923076923077 0.03125 0.016826923076923076 0.021634615384615384
1 0.5889423076923077 0.25240384615384615 0.016826923076923076 0.01201923076923077
1 0.5552884615384616 0.2091346153846154 0.019230769230769232 0.01201923076923077
1 0.5240384615384616 0.2403846153846154 0.016826923076923076 0.004807692307692308
1 0.41346153846153844 0.2548076923076923 0.014423076923076924 0.01201923076923077
1 0.46153846153846156 0.18269230769230768 0.016826923076923076 0.01201923076923077
1 0.5288461538461539 0.27163461538461536 0.016826923076923076 0.04567307692307692
1 0.5793269230769231 0.27163461538461536 0.026442307692307692 0.009615384615384616
1 0.5600961538461539 0.24519230769230768 0.007211538461538462 0.004807692307692308
1 0.6081730769230769 0.24278846153846154 0.009615384615384616 0.014423076923076924
1 0.47836538461538464 0.28125 0.019230769230769232 0.03125
1 0.43990384615384615 0.1971153846153846 0.014423076923076924 0.02403846153846154
1 0.4495192307692308 0.2692307692307692 0.019230769230769232 0.01201923076923077
1 0.5048076923076923 0.31009615384615385 0.01201923076923077 0.01201923076923077
1 0.5192307692307693 0.6009615384615384 0.03125 0.028846153846153848
1 0.47836538461538464 0.6177884615384616 0.019230769230769232 0.021634615384615384
1 0.44711538461538464 0.5649038461538461 0.01201923076923077 0.01201923076923077
1 0.4182692307692308 0.5721153846153846 0.021634615384615384 0.021634615384615384
1 0.4855769230769231 0.6394230769230769 0.02403846153846154 0.021634615384615384
1 0.5480769230769231 0.5576923076923077 0.019230769230769232 0.019230769230769232
1 0.53125 0.7355769230769231 0.026442307692307692 0.014423076923076924