1 0.6658653846153846 0.3317307692307692 0.07211538461538461 0.10336538461538461
1 0.9471153846153846 0.2692307692307692 0.040865384615384616 0.08653846153846154
1 0.9230769230769231 0.33653846153846156 0.028846153846153848 0.04567307692307692
1 0.9302884615384616 0.36538461538461536 0.021634615384615384 0.038461538461538464
1 0.8677884615384616 0.3557692307692308 0.04567307692307692 0.04807692307692308
1 0.8798076923076923 0.24759615384615385 0.019230769230769232 0.026442307692307692
1 0.5961538461538461 0.6875 0.07211538461538461 0.09615384615384616
1 0.5528846153846154 0.6706730769230769 0.07692307692307693 0.06490384615384616
1 0.21153846153846154 0.6225961538461539 0.028846153846153848 0.057692307692307696
1 0.25240384615384615 0.6682692307692307 0.040865384615384616 0.07932692307692307
1 0.18028846153846154 0.7067307692307693 0.06009615384615385 0.0985576923076923
1 0.15625 0.5769230769230769 0.026442307692307692 0.038461538461538464
1 0.1875 0.5504807692307693 0.019230769230769232 0.038461538461538464