1 0.5432692307692307 0.2403846153846154 0.057692307692307696 0.04326923076923077
1 0.6370192307692307 0.1971153846153846 0.04807692307692308 0.038461538461538464
1 0.39663461538461536 0.22115384615384615 0.03365384615384615 0.04326923076923077
1 0.24519230769230768 0.5288461538461539 0.052884615384615384 0.09134615384615384
1 0.19951923076923078 0.5865384615384616 0.06971153846153846 0.04326923076923077
1 0.8245192307692307 0.0889423076923077 0.07451923076923077 0.06009615384615385
1 0.6995192307692307 0.4110576923076923 0.052884615384615384 0.06971153846153846
1 0.7524038461538461 0.33653846153846156 0.021634615384615384 0.04326923076923077
1 0.7115384615384616 0.29086538461538464 0.04807692307692308 0.038461538461538464
1 0.6658653846153846 0.27163461538461536 0.038461538461538464 0.028846153846153848
1 0.6322115384615384 0.3173076923076923 0.038461538461538464 0.06490384615384616
1 0.5432692307692307 0.46875 0.18509615384615385 0.08413461538461539
1 0.4855769230769231 0.37740384615384615 0.10576923076923077 0.11538461538461539
1 0.35096153846153844 0.375 0.12259615384615384 0.12740384615384615
1 0.49038461538461536 0.15384615384615385 0.028846153846153848 0.03365384615384615