1 0.6682692307692307 0.6658653846153846 0.10336538461538461 0.07211538461538461
1 0.7307692307692307 0.9471153846153846 0.08653846153846154 0.040865384615384616
1 0.6634615384615384 0.9230769230769231 0.04567307692307692 0.028846153846153848
1 0.6346153846153846 0.9302884615384616 0.038461538461538464 0.021634615384615384
1 0.6442307692307693 0.8677884615384616 0.04807692307692308 0.04567307692307692
1 0.7524038461538461 0.8798076923076923 0.026442307692307692 0.019230769230769232
1 0.3125 0.5961538461538461 0.09615384615384616 0.07211538461538461
1 0.3293269230769231 0.5528846153846154 0.06490384615384616 0.07692307692307693
1 0.37740384615384615 0.21153846153846154 0.057692307692307696 0.028846153846153848
1 0.3317307692307692 0.25240384615384615 0.07932692307692307 0.040865384615384616
1 0.2932692307692308 0.18028846153846154 0.0985576923076923 0.06009615384615385
1 0.4230769230769231 0.15625 0.038461538461538464 0.026442307692307692
1 0.4495192307692308 0.1875 0.038461538461538464 0.019230769230769232