1 0.375 0.5889423076923077 0.06971153846153846 0.03125
1 0.4423076923076923 0.6298076923076923 0.021634615384615384 0.052884615384615384
1 0.23317307692307693 0.6225961538461539 0.05048076923076923 0.038461538461538464
1 0.7139423076923077 0.4375 0.040865384615384616 0.05048076923076923
1 0.7596153846153846 0.4254807692307692 0.040865384615384616 0.052884615384615384
1 0.4326923076923077 0.4375 0.016826923076923076 0.014423076923076924
1 0.40625 0.46634615384615385 0.019230769230769232 0.03125
1 0.38221153846153844 0.45913461538461536 0.03365384615384615 0.019230769230769232
1 0.39903846153846156 0.4831730769230769 0.021634615384615384 0.028846153846153848
1 0.4543269230769231 0.5 0.036057692307692304 0.026442307692307692
1 0.4735576923076923 0.5120192307692307 0.028846153846153848 0.016826923076923076