1 0.2403846153846154 0.4567307692307692 0.04326923076923077 0.057692307692307696
1 0.1971153846153846 0.3629807692307692 0.038461538461538464 0.04807692307692308
1 0.22115384615384615 0.6033653846153846 0.04326923076923077 0.03365384615384615
1 0.5288461538461539 0.7548076923076923 0.09134615384615384 0.052884615384615384
1 0.5865384615384616 0.8004807692307693 0.04326923076923077 0.06971153846153846
1 0.0889423076923077 0.17548076923076922 0.06009615384615385 0.07451923076923077
1 0.4110576923076923 0.3004807692307692 0.06971153846153846 0.052884615384615384
1 0.33653846153846156 0.24759615384615385 0.04326923076923077 0.021634615384615384
1 0.29086538461538464 0.28846153846153844 0.038461538461538464 0.04807692307692308
1 0.27163461538461536 0.33413461538461536 0.028846153846153848 0.038461538461538464
1 0.3173076923076923 0.36778846153846156 0.06490384615384616 0.038461538461538464
1 0.46875 0.4567307692307692 0.08413461538461539 0.18509615384615385
1 0.37740384615384615 0.5144230769230769 0.11538461538461539 0.10576923076923077
1 0.375 0.6490384615384616 0.12740384615384615 0.12259615384615384
1 0.15384615384615385 0.5096153846153846 0.03365384615384615 0.028846153846153848