1 0.4110576923076923 0.375 0.03125 0.06971153846153846
1 0.3701923076923077 0.4423076923076923 0.052884615384615384 0.021634615384615384
1 0.37740384615384615 0.23317307692307693 0.038461538461538464 0.05048076923076923
1 0.5625 0.7139423076923077 0.05048076923076923 0.040865384615384616
1 0.5745192307692307 0.7596153846153846 0.052884615384615384 0.040865384615384616
1 0.5625 0.4326923076923077 0.014423076923076924 0.016826923076923076
1 0.5336538461538461 0.40625 0.03125 0.019230769230769232
1 0.5408653846153846 0.38221153846153844 0.019230769230769232 0.03365384615384615
1 0.5168269230769231 0.39903846153846156 0.028846153846153848 0.021634615384615384
1 0.5 0.4543269230769231 0.026442307692307692 0.036057692307692304
1 0.4879807692307692 0.4735576923076923 0.016826923076923076 0.028846153846153848