1 0.7548076923076923 0.35096153846153844 0.019230769230769232 0.028846153846153848
1 0.3125 0.5240384615384616 0.019230769230769232 0.04326923076923077
1 0.30288461538461536 0.5625 0.03365384615384615 0.03365384615384615
1 0.3076923076923077 0.5841346153846154 0.03365384615384615 0.016826923076923076
1 0.2403846153846154 0.6105769230769231 0.05048076923076923 0.036057692307692304
1 0.25240384615384615 0.5192307692307693 0.028846153846153848 0.026442307692307692
1 0.23076923076923078 0.5120192307692307 0.028846153846153848 0.02403846153846154
1 0.18028846153846154 0.5072115384615384 0.03365384615384615 0.026442307692307692
1 0.20192307692307693 0.5528846153846154 0.03365384615384615 0.026442307692307692
1 0.14903846153846154 0.5504807692307693 0.026442307692307692 0.026442307692307692
1 0.16105769230769232 0.6177884615384616 0.026442307692307692 0.019230769230769232
1 0.13221153846153846 0.5865384615384616 0.026442307692307692 0.028846153846153848
1 0.46634615384615385 0.3125 0.016826923076923076 0.019230769230769232
1 0.5120192307692307 0.45913461538461536 0.05048076923076923 0.06009615384615385
1 0.5456730769230769 0.4182692307692308 0.04807692307692308 0.019230769230769232
1 0.5216346153846154 0.3918269230769231 0.019230769230769232 0.02403846153846154
1 0.5096153846153846 0.375 0.026442307692307692 0.028846153846153848
1 0.5072115384615384 0.33653846153846156 0.009615384615384616 0.019230769230769232
1 0.43990384615384615 0.41346153846153844 0.028846153846153848 0.026442307692307692
1 0.40865384615384615 0.4423076923076923 0.02403846153846154 0.026442307692307692
1 0.38461538461538464 0.4519230769230769 0.02403846153846154 0.02403846153846154
1 0.4423076923076923 0.5048076923076923 0.028846153846153848 0.026442307692307692
1 0.43028846153846156 0.5336538461538461 0.028846153846153848 0.02403846153846154
1 0.4519230769230769 0.5697115384615384 0.03365384615384615 0.028846153846153848
1 0.3870192307692308 0.53125 0.01201923076923077 0.016826923076923076
1 0.45913461538461536 0.6201923076923077 0.028846153846153848 0.057692307692307696
1 0.5769230769230769 0.5096153846153846 0.03365384615384615 0.040865384615384616
1 0.5456730769230769 0.5264423076923077 0.026442307692307692 0.026442307692307692
1 0.5528846153846154 0.44711538461538464 0.019230769230769232 0.019230769230769232
1 0.5649038461538461 0.46153846153846156 0.01201923076923077 0.019230769230769232
1 0.5769230769230769 0.47836538461538464 0.019230769230769232 0.01201923076923077
1 0.5240384615384616 0.5552884615384616 0.019230769230769232 0.019230769230769232
1 0.5216346153846154 0.5360576923076923 0.016826923076923076 0.016826923076923076
1 0.4951923076923077 0.5384615384615384 0.016826923076923076 0.02403846153846154
1 0.5697115384615384 0.5889423076923077 0.03365384615384615 0.036057692307692304
1 0.5697115384615384 0.5552884615384616 0.02403846153846154 0.019230769230769232
1 0.5889423076923077 0.53125 0.009615384615384616 0.02403846153846154
1 0.59375 0.5480769230769231 0.01201923076923077 0.009615384615384616
1 0.49759615384615385 0.6225961538461539 0.01201923076923077 0.019230769230769232
1 0.49278846153846156 0.5865384615384616 0.02403846153846154 0.019230769230769232
1 0.5216346153846154 0.5817307692307693 0.02403846153846154 0.026442307692307692
1 0.5360576923076923 0.6033653846153846 0.009615384615384616 0.009615384615384616
1 0.5504807692307693 0.6394230769230769 0.016826923076923076 0.02403846153846154
1 0.44711538461538464 0.6538461538461539 0.028846153846153848 0.036057692307692304
1 0.4182692307692308 0.6274038461538461 0.01201923076923077 0.02403846153846154
1 0.39903846153846156 0.5817307692307693 0.019230769230769232 0.02403846153846154
1 0.4639423076923077 0.37259615384615385 0.009615384615384616 0.02403846153846154
1 0.46153846153846156 0.3918269230769231 0.019230769230769232 0.028846153846153848
1 0.44711538461538464 0.36778846153846156 0.01201923076923077 0.016826923076923076
1 0.43509615384615385 0.38221153846153844 0.028846153846153848 0.02403846153846154
1 0.7860576923076923 0.37740384615384615 0.040865384615384616 0.07451923076923077
1 0.8197115384615384 0.375 0.02403846153846154 0.02403846153846154
1 0.8269230769230769 0.39903846153846156 0.016826923076923076 0.01201923076923077
1 0.8293269230769231 0.4110576923076923 0.01201923076923077 0.01201923076923077
1 0.7403846153846154 0.5576923076923077 0.040865384615384616 0.04326923076923077
1 0.7115384615384616 0.4855769230769231 0.02403846153846154 0.028846153846153848
1 0.7355769230769231 0.46153846153846156 0.028846153846153848 0.04326923076923077
1 0.7403846153846154 0.40865384615384615 0.016826923076923076 0.02403846153846154
1 0.7548076923076923 0.39663461538461536 0.019230769230769232 0.016826923076923076
1 0.7355769230769231 0.3557692307692308 0.016826923076923076 0.02403846153846154
1 0.8221153846153846 0.5673076923076923 0.02403846153846154 0.036057692307692304
1 0.8293269230769231 0.53125 0.019230769230769232 0.040865384615384616
1 0.8413461538461539 0.4735576923076923 0.040865384615384616 0.040865384615384616
1 0.84375 0.5024038461538461 0.05048076923076923 0.028846153846153848
1 0.8004807692307693 0.4639423076923077 0.02403846153846154 0.028846153846153848
1 0.8269230769230769 0.6322115384615384 0.019230769230769232 0.026442307692307692
1 0.7596153846153846 0.6370192307692307 0.028846153846153848 0.04326923076923077
1 0.7475961538461539 0.5985576923076923 0.03365384615384615 0.03365384615384615
1 0.6850961538461539 0.5216346153846154 0.026442307692307692 0.040865384615384616