1 0.9735576923076923 0.25 0.026442307692307692 0.028846153846153848
1 0.9471153846153846 0.1875 0.028846153846153848 0.03365384615384615
1 0.5480769230769231 0.7379807692307693 0.06009615384615385 0.08413461538461539
1 0.49038461538461536 0.7235576923076923 0.07451923076923077 0.08413461538461539
1 0.4855769230769231 0.6322115384615384 0.03365384615384615 0.04326923076923077
1 0.9014423076923077 0.6802884615384616 0.04807692307692308 0.11778846153846154
1 0.8846153846153846 0.71875 0.06971153846153846 0.10576923076923077
1 0.875 0.7740384615384616 0.06490384615384616 0.15865384615384615
1 0.14903846153846154 0.7067307692307693 0.028846153846153848 0.057692307692307696
1 0.12740384615384615 0.6850961538461539 0.021634615384615384 0.028846153846153848
1 0.038461538461538464 0.7644230769230769 0.07451923076923077 0.11778846153846154
1 0.2860576923076923 0.2283653846153846 0.016826923076923076 0.028846153846153848
1 0.47115384615384615 0.7764423076923077 0.11057692307692307 0.11057692307692307
1 0.22355769230769232 0.27403846153846156 0.052884615384615384 0.057692307692307696
1 0.6778846153846154 0.2668269230769231 0.07451923076923077 0.052884615384615384
1 0.6586538461538461 0.3076923076923077 0.06009615384615385 0.057692307692307696
1 0.8918269230769231 0.25961538461538464 0.03365384615384615 0.026442307692307692
1 0.9375 0.3076923076923077 0.028846153846153848 0.026442307692307692
1 0.9350961538461539 0.3389423076923077 0.052884615384615384 0.038461538461538464