1 0.026442307692307692 0.75 0.026442307692307692 0.028846153846153848
1 0.052884615384615384 0.8125 0.028846153846153848 0.03365384615384615
1 0.4519230769230769 0.2620192307692308 0.06009615384615385 0.08413461538461539
1 0.5096153846153846 0.2764423076923077 0.07451923076923077 0.08413461538461539
1 0.5144230769230769 0.36778846153846156 0.03365384615384615 0.04326923076923077
1 0.0985576923076923 0.31971153846153844 0.04807692307692308 0.11778846153846154
1 0.11538461538461539 0.28125 0.06971153846153846 0.10576923076923077
1 0.125 0.22596153846153846 0.06490384615384616 0.15865384615384615
1 0.8509615384615384 0.2932692307692308 0.028846153846153848 0.057692307692307696
1 0.8725961538461539 0.31490384615384615 0.021634615384615384 0.028846153846153848
1 0.9615384615384616 0.23557692307692307 0.07451923076923077 0.11778846153846154
1 0.7139423076923077 0.7716346153846154 0.016826923076923076 0.028846153846153848
1 0.5288461538461539 0.22355769230769232 0.11057692307692307 0.11057692307692307
1 0.7764423076923077 0.7259615384615384 0.052884615384615384 0.057692307692307696
1 0.32211538461538464 0.7331730769230769 0.07451923076923077 0.052884615384615384
1 0.34134615384615385 0.6923076923076923 0.06009615384615385 0.057692307692307696
1 0.10817307692307693 0.7403846153846154 0.03365384615384615 0.026442307692307692
1 0.0625 0.6923076923076923 0.028846153846153848 0.026442307692307692
1 0.06490384615384616 0.6610576923076923 0.052884615384615384 0.038461538461538464