1 0.9302884615384616 0.43028846153846156 0.016826923076923076 0.03365384615384615
1 0.7091346153846154 0.30288461538461536 0.019230769230769232 0.028846153846153848
1 0.7475961538461539 0.3269230769230769 0.02403846153846154 0.016826923076923076
1 0.6899038461538461 0.21153846153846154 0.026442307692307692 0.02403846153846154
1 0.4639423076923077 0.2283653846153846 0.019230769230769232 0.016826923076923076
1 0.41346153846153844 0.20673076923076922 0.02403846153846154 0.004807692307692308
1 0.5144230769230769 0.2091346153846154 0.03365384615384615 0.016826923076923076
1 0.8581730769230769 0.39903846153846156 0.02403846153846154 0.036057692307692304
1 0.6754807692307693 0.6081730769230769 0.01201923076923077 0.026442307692307692
1 0.20673076923076922 0.22596153846153846 0.019230769230769232 0.016826923076923076
1 0.18269230769230768 0.3317307692307692 0.03365384615384615 0.02403846153846154
1 0.13942307692307693 0.27163461538461536 0.03365384615384615 0.019230769230769232
1 0.12740384615384615 0.24519230769230768 0.028846153846153848 0.036057692307692304
1 0.09134615384615384 0.25721153846153844 0.02403846153846154 0.019230769230769232
1 0.11538461538461539 0.4735576923076923 0.02403846153846154 0.019230769230769232
1 0.9399038461538461 0.5432692307692307 0.026442307692307692 0.028846153846153848
1 0.13701923076923078 0.5072115384615384 0.028846153846153848 0.01201923076923077
1 0.22355769230769232 0.5144230769230769 0.07451923076923077 0.055288461538461536
1 0.33653846153846156 0.35096153846153844 0.02403846153846154 0.016826923076923076
1 0.45913461538461536 0.2764423076923077 0.040865384615384616 0.06490384615384616
1 0.45913461538461536 0.33653846153846156 0.019230769230769232 0.016826923076923076
1 0.46153846153846156 0.41586538461538464 0.02403846153846154 0.028846153846153848
1 0.38461538461538464 0.5048076923076923 0.019230769230769232 0.028846153846153848
1 0.2860576923076923 0.5649038461538461 0.03365384615384615 0.03365384615384615
1 0.27403846153846156 0.5120192307692307 0.026442307692307692 0.019230769230769232
1 0.9471153846153846 0.5240384615384616 0.03365384615384615 0.019230769230769232
1 0.33413461538461536 0.5168269230769231 0.016826923076923076 0.02403846153846154
1 0.5913461538461539 0.3004807692307692 0.036057692307692304 0.03365384615384615
1 0.6394230769230769 0.3293269230769231 0.02403846153846154 0.01201923076923077
1 0.6394230769230769 0.3798076923076923 0.026442307692307692 0.02403846153846154