1 0.5697115384615384 0.9302884615384616 0.03365384615384615 0.016826923076923076
1 0.6971153846153846 0.7091346153846154 0.028846153846153848 0.019230769230769232
1 0.6730769230769231 0.7475961538461539 0.016826923076923076 0.02403846153846154
1 0.7884615384615384 0.6899038461538461 0.02403846153846154 0.026442307692307692
1 0.7716346153846154 0.4639423076923077 0.016826923076923076 0.019230769230769232
1 0.7932692307692307 0.41346153846153844 0.004807692307692308 0.02403846153846154
1 0.7908653846153846 0.5144230769230769 0.016826923076923076 0.03365384615384615
1 0.6009615384615384 0.8581730769230769 0.036057692307692304 0.02403846153846154
1 0.3918269230769231 0.6754807692307693 0.026442307692307692 0.01201923076923077
1 0.7740384615384616 0.20673076923076922 0.016826923076923076 0.019230769230769232
1 0.6682692307692307 0.18269230769230768 0.02403846153846154 0.03365384615384615
1 0.7283653846153846 0.13942307692307693 0.019230769230769232 0.03365384615384615
1 0.7548076923076923 0.12740384615384615 0.036057692307692304 0.028846153846153848
1 0.7427884615384616 0.09134615384615384 0.019230769230769232 0.02403846153846154
1 0.5264423076923077 0.11538461538461539 0.019230769230769232 0.02403846153846154
1 0.4567307692307692 0.9399038461538461 0.028846153846153848 0.026442307692307692
1 0.49278846153846156 0.13701923076923078 0.01201923076923077 0.028846153846153848
1 0.4855769230769231 0.22355769230769232 0.055288461538461536 0.07451923076923077
1 0.6490384615384616 0.33653846153846156 0.016826923076923076 0.02403846153846154
1 0.7235576923076923 0.45913461538461536 0.06490384615384616 0.040865384615384616
1 0.6634615384615384 0.45913461538461536 0.016826923076923076 0.019230769230769232
1 0.5841346153846154 0.46153846153846156 0.028846153846153848 0.02403846153846154
1 0.4951923076923077 0.38461538461538464 0.028846153846153848 0.019230769230769232
1 0.43509615384615385 0.2860576923076923 0.03365384615384615 0.03365384615384615
1 0.4879807692307692 0.27403846153846156 0.019230769230769232 0.026442307692307692
1 0.47596153846153844 0.9471153846153846 0.019230769230769232 0.03365384615384615
1 0.4831730769230769 0.33413461538461536 0.02403846153846154 0.016826923076923076
1 0.6995192307692307 0.5913461538461539 0.03365384615384615 0.036057692307692304
1 0.6706730769230769 0.6394230769230769 0.01201923076923077 0.02403846153846154
1 0.6201923076923077 0.6394230769230769 0.02403846153846154 0.026442307692307692