1 0.43028846153846156 0.06971153846153846 0.03365384615384615 0.016826923076923076
1 0.30288461538461536 0.29086538461538464 0.028846153846153848 0.019230769230769232
1 0.3269230769230769 0.25240384615384615 0.016826923076923076 0.02403846153846154
1 0.21153846153846154 0.31009615384615385 0.02403846153846154 0.026442307692307692
1 0.2283653846153846 0.5360576923076923 0.016826923076923076 0.019230769230769232
1 0.20673076923076922 0.5865384615384616 0.004807692307692308 0.02403846153846154
1 0.2091346153846154 0.4855769230769231 0.016826923076923076 0.03365384615384615
1 0.39903846153846156 0.14182692307692307 0.036057692307692304 0.02403846153846154
1 0.6081730769230769 0.3245192307692308 0.026442307692307692 0.01201923076923077
1 0.22596153846153846 0.7932692307692307 0.016826923076923076 0.019230769230769232
1 0.3317307692307692 0.8173076923076923 0.02403846153846154 0.03365384615384615
1 0.27163461538461536 0.8605769230769231 0.019230769230769232 0.03365384615384615
1 0.24519230769230768 0.8725961538461539 0.036057692307692304 0.028846153846153848
1 0.25721153846153844 0.9086538461538461 0.019230769230769232 0.02403846153846154
1 0.4735576923076923 0.8846153846153846 0.019230769230769232 0.02403846153846154
1 0.5432692307692307 0.06009615384615385 0.028846153846153848 0.026442307692307692
1 0.5072115384615384 0.8629807692307693 0.01201923076923077 0.028846153846153848
1 0.5144230769230769 0.7764423076923077 0.055288461538461536 0.07451923076923077
1 0.35096153846153844 0.6634615384615384 0.016826923076923076 0.02403846153846154
1 0.2764423076923077 0.5408653846153846 0.06490384615384616 0.040865384615384616
1 0.33653846153846156 0.5408653846153846 0.016826923076923076 0.019230769230769232
1 0.41586538461538464 0.5384615384615384 0.028846153846153848 0.02403846153846154
1 0.5048076923076923 0.6153846153846154 0.028846153846153848 0.019230769230769232
1 0.5649038461538461 0.7139423076923077 0.03365384615384615 0.03365384615384615
1 0.5120192307692307 0.7259615384615384 0.019230769230769232 0.026442307692307692
1 0.5240384615384616 0.052884615384615384 0.019230769230769232 0.03365384615384615
1 0.5168269230769231 0.6658653846153846 0.02403846153846154 0.016826923076923076
1 0.3004807692307692 0.40865384615384615 0.03365384615384615 0.036057692307692304
1 0.3293269230769231 0.3605769230769231 0.01201923076923077 0.02403846153846154
1 0.3798076923076923 0.3605769230769231 0.02403846153846154 0.026442307692307692