1 0.3581730769230769 0.5408653846153846 0.038461538461538464 0.02403846153846154
1 0.4519230769230769 0.4807692307692308 0.01201923076923077 0.02403846153846154
1 0.3870192307692308 0.6346153846153846 0.03365384615384615 0.03365384615384615
1 0.39663461538461536 0.6009615384615384 0.03125 0.021634615384615384
1 0.35336538461538464 0.6009615384615384 0.03125 0.03365384615384615
1 0.3629807692307692 0.6490384615384616 0.014423076923076924 0.02403846153846154
1 0.5913461538461539 0.4951923076923077 0.040865384615384616 0.04807692307692308
1 0.6105769230769231 0.4807692307692308 0.021634615384615384 0.01201923076923077
1 0.5913461538461539 0.44471153846153844 0.04807692307692308 0.019230769230769232
1 0.5576923076923077 0.41586538461538464 0.03125 0.01201923076923077
1 0.5432692307692307 0.46153846153846156 0.019230769230769232 0.052884615384615384
1 0.5552884615384616 0.46875 0.014423076923076924 0.021634615384615384
1 0.5168269230769231 0.4375 0.019230769230769232 0.03365384615384615
1 0.5072115384615384 0.4014423076923077 0.019230769230769232 0.028846153846153848
1 0.39903846153846156 0.5552884615384616 0.03125 0.04807692307692308
1 0.18269230769230768 0.53125 0.02403846153846154 0.038461538461538464
1 0.15384615384615385 0.5528846153846154 0.019230769230769232 0.03125
1 0.2548076923076923 0.4495192307692308 0.019230769230769232 0.021634615384615384
1 0.2620192307692308 0.4206730769230769 0.019230769230769232 0.019230769230769232
1 0.23798076923076922 0.4543269230769231 0.014423076923076924 0.014423076923076924
1 0.23798076923076922 0.47596153846153844 0.021634615384615384 0.014423076923076924
1 0.5192307692307693 0.5408653846153846 0.02403846153846154 0.03365384615384615
1 0.5480769230769231 0.5576923076923077 0.021634615384615384 0.03125
1 0.5625 0.5673076923076923 0.014423076923076924 0.019230769230769232
1 0.5480769230769231 0.5336538461538461 0.02403846153846154 0.02403846153846154
1 0.4326923076923077 0.49038461538461536 0.014423076923076924 0.02403846153846154
1 0.46153846153846156 0.5 0.021634615384615384 0.01201923076923077
1 0.5697115384615384 0.5216346153846154 0.02403846153846154 0.021634615384615384