1 0.5408653846153846 0.6418269230769231 0.02403846153846154 0.038461538461538464
1 0.4807692307692308 0.5480769230769231 0.02403846153846154 0.01201923076923077
1 0.6346153846153846 0.6129807692307693 0.03365384615384615 0.03365384615384615
1 0.6009615384615384 0.6033653846153846 0.021634615384615384 0.03125
1 0.6009615384615384 0.6466346153846154 0.03365384615384615 0.03125
1 0.6490384615384616 0.6370192307692307 0.02403846153846154 0.014423076923076924
1 0.4951923076923077 0.40865384615384615 0.04807692307692308 0.040865384615384616
1 0.4807692307692308 0.3894230769230769 0.01201923076923077 0.021634615384615384
1 0.44471153846153844 0.40865384615384615 0.019230769230769232 0.04807692307692308
1 0.41586538461538464 0.4423076923076923 0.01201923076923077 0.03125
1 0.46153846153846156 0.4567307692307692 0.052884615384615384 0.019230769230769232
1 0.46875 0.44471153846153844 0.021634615384615384 0.014423076923076924
1 0.4375 0.4831730769230769 0.03365384615384615 0.019230769230769232
1 0.4014423076923077 0.49278846153846156 0.028846153846153848 0.019230769230769232
1 0.5552884615384616 0.6009615384615384 0.04807692307692308 0.03125
1 0.53125 0.8173076923076923 0.038461538461538464 0.02403846153846154
1 0.5528846153846154 0.8461538461538461 0.03125 0.019230769230769232
1 0.4495192307692308 0.7451923076923077 0.021634615384615384 0.019230769230769232
1 0.4206730769230769 0.7379807692307693 0.019230769230769232 0.019230769230769232
1 0.4543269230769231 0.7620192307692307 0.014423076923076924 0.014423076923076924
1 0.47596153846153844 0.7620192307692307 0.014423076923076924 0.021634615384615384
1 0.5408653846153846 0.4807692307692308 0.03365384615384615 0.02403846153846154
1 0.5576923076923077 0.4519230769230769 0.03125 0.021634615384615384
1 0.5673076923076923 0.4375 0.019230769230769232 0.014423076923076924
1 0.5336538461538461 0.4519230769230769 0.02403846153846154 0.02403846153846154
1 0.49038461538461536 0.5673076923076923 0.02403846153846154 0.014423076923076924
1 0.5 0.5384615384615384 0.01201923076923077 0.021634615384615384
1 0.5216346153846154 0.43028846153846156 0.021634615384615384 0.02403846153846154