1 0.45913461538461536 0.3581730769230769 0.02403846153846154 0.038461538461538464
1 0.5192307692307693 0.4519230769230769 0.02403846153846154 0.01201923076923077
1 0.36538461538461536 0.3870192307692308 0.03365384615384615 0.03365384615384615
1 0.39903846153846156 0.39663461538461536 0.021634615384615384 0.03125
1 0.39903846153846156 0.35336538461538464 0.03365384615384615 0.03125
1 0.35096153846153844 0.3629807692307692 0.02403846153846154 0.014423076923076924
1 0.5048076923076923 0.5913461538461539 0.04807692307692308 0.040865384615384616
1 0.5192307692307693 0.6105769230769231 0.01201923076923077 0.021634615384615384
1 0.5552884615384616 0.5913461538461539 0.019230769230769232 0.04807692307692308
1 0.5841346153846154 0.5576923076923077 0.01201923076923077 0.03125
1 0.5384615384615384 0.5432692307692307 0.052884615384615384 0.019230769230769232
1 0.53125 0.5552884615384616 0.021634615384615384 0.014423076923076924
1 0.5625 0.5168269230769231 0.03365384615384615 0.019230769230769232
1 0.5985576923076923 0.5072115384615384 0.028846153846153848 0.019230769230769232
1 0.44471153846153844 0.39903846153846156 0.04807692307692308 0.03125
1 0.46875 0.18269230769230768 0.038461538461538464 0.02403846153846154
1 0.44711538461538464 0.15384615384615385 0.03125 0.019230769230769232
1 0.5504807692307693 0.2548076923076923 0.021634615384615384 0.019230769230769232
1 0.5793269230769231 0.2620192307692308 0.019230769230769232 0.019230769230769232
1 0.5456730769230769 0.23798076923076922 0.014423076923076924 0.014423076923076924
1 0.5240384615384616 0.23798076923076922 0.014423076923076924 0.021634615384615384
1 0.45913461538461536 0.5192307692307693 0.03365384615384615 0.02403846153846154
1 0.4423076923076923 0.5480769230769231 0.03125 0.021634615384615384
1 0.4326923076923077 0.5625 0.019230769230769232 0.014423076923076924
1 0.46634615384615385 0.5480769230769231 0.02403846153846154 0.02403846153846154
1 0.5096153846153846 0.4326923076923077 0.02403846153846154 0.014423076923076924
1 0.5 0.46153846153846156 0.01201923076923077 0.021634615384615384
1 0.47836538461538464 0.5697115384615384 0.021634615384615384 0.02403846153846154