1 0.6923076923076923 0.7644230769230769 0.07211538461538461 0.17067307692307693
1 0.625 0.6490384615384616 0.0673076923076923 0.04567307692307692
1 0.4543269230769231 0.24278846153846154 0.05048076923076923 0.052884615384615384
1 0.4254807692307692 0.23557692307692307 0.02403846153846154 0.036057692307692304
1 0.5600961538461539 0.24519230769230768 0.052884615384615384 0.10096153846153846
1 0.6201923076923077 0.27163461538461536 0.038461538461538464 0.08173076923076923
1 0.6394230769230769 0.1466346153846154 0.02403846153846154 0.04567307692307692
1 0.6899038461538461 0.2091346153846154 0.052884615384615384 0.04326923076923077
1 0.35096153846153844 0.5192307692307693 0.0889423076923077 0.04567307692307692
1 0.3918269230769231 0.4230769230769231 0.036057692307692304 0.04326923076923077
1 0.47836538461538464 0.41586538461538464 0.04326923076923077 0.04567307692307692
1 0.37259615384615385 0.5697115384615384 0.057692307692307696 0.028846153846153848
1 0.40865384615384615 0.6057692307692307 0.06009615384615385 0.057692307692307696
1 0.5480769230769231 0.5889423076923077 0.021634615384615384 0.02403846153846154
1 0.7067307692307693 0.47596153846153844 0.04567307692307692 0.15144230769230768
1 0.6418269230769231 0.41346153846153844 0.04567307692307692 0.07451923076923077