1 0.7644230769230769 0.3076923076923077 0.17067307692307693 0.07211538461538461
1 0.6490384615384616 0.375 0.04567307692307692 0.0673076923076923
1 0.24278846153846154 0.5456730769230769 0.052884615384615384 0.05048076923076923
1 0.23557692307692307 0.5745192307692307 0.036057692307692304 0.02403846153846154
1 0.24519230769230768 0.43990384615384615 0.10096153846153846 0.052884615384615384
1 0.27163461538461536 0.3798076923076923 0.08173076923076923 0.038461538461538464
1 0.1466346153846154 0.3605769230769231 0.04567307692307692 0.02403846153846154
1 0.2091346153846154 0.31009615384615385 0.04326923076923077 0.052884615384615384
1 0.5192307692307693 0.6490384615384616 0.04567307692307692 0.0889423076923077
1 0.4230769230769231 0.6081730769230769 0.04326923076923077 0.036057692307692304
1 0.41586538461538464 0.5216346153846154 0.04567307692307692 0.04326923076923077
1 0.5697115384615384 0.6274038461538461 0.028846153846153848 0.057692307692307696
1 0.6057692307692307 0.5913461538461539 0.057692307692307696 0.06009615384615385
1 0.5889423076923077 0.4519230769230769 0.02403846153846154 0.021634615384615384
1 0.47596153846153844 0.2932692307692308 0.15144230769230768 0.04567307692307692
1 0.41346153846153844 0.3581730769230769 0.07451923076923077 0.04567307692307692