1 0.3076923076923077 0.23557692307692307 0.07211538461538461 0.17067307692307693
1 0.375 0.35096153846153844 0.0673076923076923 0.04567307692307692
1 0.5456730769230769 0.7572115384615384 0.05048076923076923 0.052884615384615384
1 0.5745192307692307 0.7644230769230769 0.02403846153846154 0.036057692307692304
1 0.43990384615384615 0.7548076923076923 0.052884615384615384 0.10096153846153846
1 0.3798076923076923 0.7283653846153846 0.038461538461538464 0.08173076923076923
1 0.3605769230769231 0.8533653846153846 0.02403846153846154 0.04567307692307692
1 0.31009615384615385 0.7908653846153846 0.052884615384615384 0.04326923076923077
1 0.6490384615384616 0.4807692307692308 0.0889423076923077 0.04567307692307692
1 0.6081730769230769 0.5769230769230769 0.036057692307692304 0.04326923076923077
1 0.5216346153846154 0.5841346153846154 0.04326923076923077 0.04567307692307692
1 0.6274038461538461 0.43028846153846156 0.057692307692307696 0.028846153846153848
1 0.5913461538461539 0.3942307692307692 0.06009615384615385 0.057692307692307696
1 0.4519230769230769 0.4110576923076923 0.021634615384615384 0.02403846153846154
1 0.2932692307692308 0.5240384615384616 0.04567307692307692 0.15144230769230768
1 0.3581730769230769 0.5865384615384616 0.04567307692307692 0.07451923076923077