1 0.5456730769230769 0.31971153846153844 0.036057692307692304 0.04807692307692308
1 0.25961538461538464 0.43990384615384615 0.028846153846153848 0.040865384615384616
1 0.28846153846153844 0.3942307692307692 0.028846153846153848 0.03365384615384615
1 0.34375 0.34134615384615385 0.055288461538461536 0.08173076923076923
1 0.3894230769230769 0.3076923076923077 0.036057692307692304 0.08653846153846154
1 0.4206730769230769 0.2956730769230769 0.028846153846153848 0.040865384615384616
1 0.4110576923076923 0.375 0.026442307692307692 0.08173076923076923
1 0.43509615384615385 0.38221153846153844 0.016826923076923076 0.021634615384615384
1 0.43509615384615385 0.34615384615384615 0.021634615384615384 0.016826923076923076
1 0.47115384615384615 0.31009615384615385 0.04807692307692308 0.15625
1 0.43028846153846156 0.23076923076923078 0.014423076923076924 0.026442307692307692
1 0.5504807692307693 0.2692307692307692 0.040865384615384616 0.040865384615384616