1 0.6802884615384616 0.5456730769230769 0.04807692307692308 0.036057692307692304
1 0.5600961538461539 0.25961538461538464 0.040865384615384616 0.028846153846153848
1 0.6057692307692307 0.28846153846153844 0.03365384615384615 0.028846153846153848
1 0.6586538461538461 0.34375 0.08173076923076923 0.055288461538461536
1 0.6923076923076923 0.3894230769230769 0.08653846153846154 0.036057692307692304
1 0.7043269230769231 0.4206730769230769 0.040865384615384616 0.028846153846153848
1 0.625 0.4110576923076923 0.08173076923076923 0.026442307692307692
1 0.6177884615384616 0.43509615384615385 0.021634615384615384 0.016826923076923076
1 0.6538461538461539 0.43509615384615385 0.016826923076923076 0.021634615384615384
1 0.6899038461538461 0.47115384615384615 0.15625 0.04807692307692308
1 0.7692307692307693 0.43028846153846156 0.026442307692307692 0.014423076923076924
1 0.7307692307692307 0.5504807692307693 0.040865384615384616 0.040865384615384616