1 0.6274038461538461 0.24519230769230768 0.07932692307692307 0.11778846153846154
1 0.71875 0.23076923076923078 0.052884615384615384 0.08653846153846154
1 0.7956730769230769 0.23076923076923078 0.06009615384615385 0.03365384615384615
1 0.24759615384615385 0.49038461538461536 0.040865384615384616 0.028846153846153848
1 0.2091346153846154 0.49759615384615385 0.03365384615384615 0.019230769230769232
1 0.1971153846153846 0.47115384615384615 0.021634615384615384 0.019230769230769232
1 0.2860576923076923 0.4879807692307692 0.021634615384615384 0.021634615384615384
1 0.4326923076923077 0.8918269230769231 0.07211538461538461 0.08413461538461539
1 0.36538461538461536 0.7980769230769231 0.07932692307692307 0.2644230769230769
1 0.4543269230769231 0.7067307692307693 0.09615384615384616 0.06490384615384616
1 0.4519230769230769 0.7788461538461539 0.009615384615384616 0.021634615384615384
1 0.41586538461538464 0.8125 0.019230769230769232 0.021634615384615384
1 0.6682692307692307 0.6394230769230769 0.052884615384615384 0.052884615384615384
1 0.5408653846153846 0.4879807692307692 0.11538461538461539 0.07932692307692307