1 0.37259615384615385 0.7548076923076923 0.07932692307692307 0.11778846153846154
1 0.28125 0.7692307692307693 0.052884615384615384 0.08653846153846154
1 0.20432692307692307 0.7692307692307693 0.06009615384615385 0.03365384615384615
1 0.7524038461538461 0.5096153846153846 0.040865384615384616 0.028846153846153848
1 0.7908653846153846 0.5024038461538461 0.03365384615384615 0.019230769230769232
1 0.8028846153846154 0.5288461538461539 0.021634615384615384 0.019230769230769232
1 0.7139423076923077 0.5120192307692307 0.021634615384615384 0.021634615384615384
1 0.5673076923076923 0.10817307692307693 0.07211538461538461 0.08413461538461539
1 0.6346153846153846 0.20192307692307693 0.07932692307692307 0.2644230769230769
1 0.5456730769230769 0.2932692307692308 0.09615384615384616 0.06490384615384616
1 0.5480769230769231 0.22115384615384615 0.009615384615384616 0.021634615384615384
1 0.5841346153846154 0.1875 0.019230769230769232 0.021634615384615384
1 0.3317307692307692 0.3605769230769231 0.052884615384615384 0.052884615384615384
1 0.45913461538461536 0.5120192307692307 0.11538461538461539 0.07932692307692307