1 0.8100961538461539 0.5072115384615384 0.028846153846153848 0.026442307692307692
1 0.45913461538461536 0.47596153846153844 0.052884615384615384 0.040865384615384616
1 0.37740384615384615 0.46875 0.052884615384615384 0.07932692307692307
1 0.3605769230769231 0.2956730769230769 0.026442307692307692 0.040865384615384616
1 0.39903846153846156 0.2932692307692308 0.03365384615384615 0.03365384615384615
1 0.4567307692307692 0.2668269230769231 0.040865384615384616 0.04567307692307692
1 0.47115384615384615 0.31971153846153844 0.03365384615384615 0.038461538461538464
1 0.5192307692307693 0.36538461538461536 0.026442307692307692 0.040865384615384616
1 0.5528846153846154 0.4807692307692308 0.040865384615384616 0.052884615384615384
1 0.5024038461538461 0.53125 0.052884615384615384 0.04567307692307692
1 0.6658653846153846 0.5120192307692307 0.038461538461538464 0.03365384615384615
1 0.6754807692307693 0.47836538461538464 0.038461538461538464 0.03365384615384615
1 0.7860576923076923 0.5384615384615384 0.021634615384615384 0.021634615384615384
1 0.8028846153846154 0.6177884615384616 0.026442307692307692 0.038461538461538464