1 0.18990384615384615 0.49278846153846156 0.028846153846153848 0.026442307692307692
1 0.5408653846153846 0.5240384615384616 0.052884615384615384 0.040865384615384616
1 0.6225961538461539 0.53125 0.052884615384615384 0.07932692307692307
1 0.6394230769230769 0.7043269230769231 0.026442307692307692 0.040865384615384616
1 0.6009615384615384 0.7067307692307693 0.03365384615384615 0.03365384615384615
1 0.5432692307692307 0.7331730769230769 0.040865384615384616 0.04567307692307692
1 0.5288461538461539 0.6802884615384616 0.03365384615384615 0.038461538461538464
1 0.4807692307692308 0.6346153846153846 0.026442307692307692 0.040865384615384616
1 0.44711538461538464 0.5192307692307693 0.040865384615384616 0.052884615384615384
1 0.49759615384615385 0.46875 0.052884615384615384 0.04567307692307692
1 0.33413461538461536 0.4879807692307692 0.038461538461538464 0.03365384615384615
1 0.3245192307692308 0.5216346153846154 0.038461538461538464 0.03365384615384615
1 0.21394230769230768 0.46153846153846156 0.021634615384615384 0.021634615384615384
1 0.1971153846153846 0.38221153846153844 0.026442307692307692 0.038461538461538464