1 0.14182692307692307 0.29086538461538464 0.12980769230769232 0.17548076923076922
1 0.5745192307692307 0.5 0.12980769230769232 0.10576923076923077
1 0.6586538461538461 0.6129807692307693 0.1466346153846154 0.12980769230769232
1 0.8269230769230769 0.6875 0.14903846153846154 0.14182692307692307
1 0.8533653846153846 0.8221153846153846 0.22355769230769232 0.0985576923076923
1 0.9855769230769231 0.6778846153846154 0.026442307692307692 0.06009615384615385
1 0.8076923076923077 0.49278846153846156 0.04567307692307692 0.03365384615384615
1 0.6947115384615384 0.4543269230769231 0.13701923076923078 0.12740384615384615
1 0.8076923076923077 0.3701923076923077 0.08413461538461539 0.07932692307692307
1 0.9759615384615384 0.30288461538461536 0.04567307692307692 0.052884615384615384
1 0.31971153846153844 0.4735576923076923 0.22596153846153846 0.17548076923076922
1 0.15144230769230768 0.6009615384615384 0.2764423076923077 0.14903846153846154
1 0.25961538461538464 0.84375 0.12259615384615384 0.06009615384615385
1 0.5600961538461539 0.7740384615384616 0.11057692307692307 0.11538461538461539