1 0.3076923076923077 0.75 0.040865384615384616 0.0673076923076923
1 0.5576923076923077 0.41346153846153844 0.040865384615384616 0.052884615384615384
1 0.49278846153846156 0.29086538461538464 0.052884615384615384 0.04807692307692308
1 0.3870192307692308 0.4014423076923077 0.03365384615384615 0.026442307692307692
1 0.39663461538461536 0.5504807692307693 0.03365384615384615 0.038461538461538464
1 0.43028846153846156 0.625 0.04807692307692308 0.04567307692307692
1 0.5048076923076923 0.6442307692307693 0.040865384615384616 0.07211538461538461
1 0.5504807692307693 0.6129807692307693 0.03365384615384615 0.038461538461538464
1 0.6394230769230769 0.5985576923076923 0.03365384615384615 0.038461538461538464
1 0.6610576923076923 0.5288461538461539 0.03365384615384615 0.040865384615384616
1 0.33653846153846156 0.6658653846153846 0.057692307692307696 0.03365384615384615