1 0.25 0.3076923076923077 0.0673076923076923 0.040865384615384616
1 0.5865384615384616 0.5576923076923077 0.052884615384615384 0.040865384615384616
1 0.7091346153846154 0.49278846153846156 0.04807692307692308 0.052884615384615384
1 0.5985576923076923 0.3870192307692308 0.026442307692307692 0.03365384615384615
1 0.4495192307692308 0.39663461538461536 0.038461538461538464 0.03365384615384615
1 0.375 0.43028846153846156 0.04567307692307692 0.04807692307692308
1 0.3557692307692308 0.5048076923076923 0.07211538461538461 0.040865384615384616
1 0.3870192307692308 0.5504807692307693 0.038461538461538464 0.03365384615384615
1 0.4014423076923077 0.6394230769230769 0.038461538461538464 0.03365384615384615
1 0.47115384615384615 0.6610576923076923 0.040865384615384616 0.03365384615384615
1 0.33413461538461536 0.33653846153846156 0.03365384615384615 0.057692307692307696