1 0.75 0.6923076923076923 0.0673076923076923 0.040865384615384616
1 0.41346153846153844 0.4423076923076923 0.052884615384615384 0.040865384615384616
1 0.29086538461538464 0.5072115384615384 0.04807692307692308 0.052884615384615384
1 0.4014423076923077 0.6129807692307693 0.026442307692307692 0.03365384615384615
1 0.5504807692307693 0.6033653846153846 0.038461538461538464 0.03365384615384615
1 0.625 0.5697115384615384 0.04567307692307692 0.04807692307692308
1 0.6442307692307693 0.4951923076923077 0.07211538461538461 0.040865384615384616
1 0.6129807692307693 0.4495192307692308 0.038461538461538464 0.03365384615384615
1 0.5985576923076923 0.3605769230769231 0.038461538461538464 0.03365384615384615
1 0.5288461538461539 0.3389423076923077 0.040865384615384616 0.03365384615384615
1 0.6658653846153846 0.6634615384615384 0.03365384615384615 0.057692307692307696