1 0.6899038461538461 0.59375 0.06009615384615385 0.07932692307692307
1 0.7235576923076923 0.5072115384615384 0.052884615384615384 0.04807692307692308
1 0.6442307692307693 0.6009615384615384 0.040865384615384616 0.052884615384615384
1 0.6298076923076923 0.6947115384615384 0.09375 0.08653846153846154
1 0.5793269230769231 0.6850961538461539 0.0625 0.14423076923076922
1 0.49278846153846156 0.6995192307692307 0.13221153846153846 0.1778846153846154
1 0.3918269230769231 0.7451923076923077 0.07932692307692307 0.0985576923076923
1 0.31009615384615385 0.6682692307692307 0.07932692307692307 0.09375
1 0.2644230769230769 0.6177884615384616 0.125 0.10576923076923077
1 0.15865384615384615 0.5745192307692307 0.052884615384615384 0.04807692307692308
1 0.1658653846153846 0.35096153846153844 0.07211538461538461 0.07211538461538461
1 0.42788461538461536 0.4543269230769231 0.026442307692307692 0.04567307692307692
1 0.47596153846153844 0.46634615384615385 0.055288461538461536 0.055288461538461536
1 0.5528846153846154 0.4735576923076923 0.11778846153846154 0.08653846153846154
1 0.6201923076923077 0.40384615384615385 0.052884615384615384 0.04567307692307692
1 0.6466346153846154 0.5144230769230769 0.11298076923076923 0.12740384615384615
1 0.5697115384615384 0.5264423076923077 0.0673076923076923 0.0625
1 0.5 0.5745192307692307 0.11298076923076923 0.11778846153846154
1 0.45913461538461536 0.6129807692307693 0.04807692307692308 0.0625
1 0.4230769230769231 0.5649038461538461 0.021634615384615384 0.028846153846153848
1 0.43028846153846156 0.6322115384615384 0.07451923076923077 0.11298076923076923
1 0.3918269230769231 0.6514423076923077 0.0625 0.125