1 0.31009615384615385 0.40625 0.06009615384615385 0.07932692307692307
1 0.2764423076923077 0.49278846153846156 0.052884615384615384 0.04807692307692308
1 0.3557692307692308 0.39903846153846156 0.040865384615384616 0.052884615384615384
1 0.3701923076923077 0.30528846153846156 0.09375 0.08653846153846154
1 0.4206730769230769 0.31490384615384615 0.0625 0.14423076923076922
1 0.5072115384615384 0.3004807692307692 0.13221153846153846 0.1778846153846154
1 0.6081730769230769 0.2548076923076923 0.07932692307692307 0.0985576923076923
1 0.6899038461538461 0.3317307692307692 0.07932692307692307 0.09375
1 0.7355769230769231 0.38221153846153844 0.125 0.10576923076923077
1 0.8413461538461539 0.4254807692307692 0.052884615384615384 0.04807692307692308
1 0.8341346153846154 0.6490384615384616 0.07211538461538461 0.07211538461538461
1 0.5721153846153846 0.5456730769230769 0.026442307692307692 0.04567307692307692
1 0.5240384615384616 0.5336538461538461 0.055288461538461536 0.055288461538461536
1 0.44711538461538464 0.5264423076923077 0.11778846153846154 0.08653846153846154
1 0.3798076923076923 0.5961538461538461 0.052884615384615384 0.04567307692307692
1 0.35336538461538464 0.4855769230769231 0.11298076923076923 0.12740384615384615
1 0.43028846153846156 0.4735576923076923 0.0673076923076923 0.0625
1 0.5 0.4254807692307692 0.11298076923076923 0.11778846153846154
1 0.5408653846153846 0.3870192307692308 0.04807692307692308 0.0625
1 0.5769230769230769 0.43509615384615385 0.021634615384615384 0.028846153846153848
1 0.5697115384615384 0.36778846153846156 0.07451923076923077 0.11298076923076923
1 0.6081730769230769 0.3485576923076923 0.0625 0.125