1 0.7139423076923077 0.375 0.02403846153846154 0.016826923076923076
1 0.40625 0.7211538461538461 0.04326923076923077 0.07692307692307693
1 0.36778846153846156 0.7283653846153846 0.016826923076923076 0.021634615384615384
1 0.5865384615384616 0.7331730769230769 0.040865384615384616 0.040865384615384616
1 0.5889423076923077 0.6730769230769231 0.05048076923076923 0.036057692307692304
1 0.6274038461538461 0.6442307692307693 0.06971153846153846 0.10336538461538461
1 0.6730769230769231 0.6177884615384616 0.05048076923076923 0.0625
1 0.6346153846153846 0.5745192307692307 0.016826923076923076 0.021634615384615384
1 0.7259615384615384 0.5769230769230769 0.016826923076923076 0.03365384615384615
1 0.7427884615384616 0.5721153846153846 0.04807692307692308 0.07451923076923077
1 0.6778846153846154 0.5576923076923077 0.08653846153846154 0.04807692307692308
1 0.6658653846153846 0.5240384615384616 0.08173076923076923 0.0625
1 0.6153846153846154 0.5336538461538461 0.02403846153846154 0.028846153846153848
1 0.5360576923076923 0.5264423076923077 0.028846153846153848 0.021634615384615384
1 0.5384615384615384 0.49038461538461536 0.040865384615384616 0.028846153846153848
1 0.5168269230769231 0.38221153846153844 0.02403846153846154 0.036057692307692304
1 0.5552884615384616 0.4375 0.055288461538461536 0.09375
1 0.59375 0.4206730769230769 0.05048076923076923 0.040865384615384616
1 0.6081730769230769 0.3629807692307692 0.09375 0.0625
1 0.5961538461538461 0.3173076923076923 0.040865384615384616 0.021634615384615384
1 0.6658653846153846 0.3557692307692308 0.06009615384615385 0.0673076923076923
1 0.71875 0.4182692307692308 0.11538461538461539 0.06009615384615385
1 0.6322115384615384 0.47115384615384615 0.0889423076923077 0.06009615384615385
1 0.7235576923076923 0.4879807692307692 0.11298076923076923 0.07451923076923077