1 0.375 0.2860576923076923 0.016826923076923076 0.02403846153846154
1 0.7211538461538461 0.59375 0.07692307692307693 0.04326923076923077
1 0.7283653846153846 0.6322115384615384 0.021634615384615384 0.016826923076923076
1 0.7331730769230769 0.41346153846153844 0.040865384615384616 0.040865384615384616
1 0.6730769230769231 0.4110576923076923 0.036057692307692304 0.05048076923076923
1 0.6442307692307693 0.37259615384615385 0.10336538461538461 0.06971153846153846
1 0.6177884615384616 0.3269230769230769 0.0625 0.05048076923076923
1 0.5745192307692307 0.36538461538461536 0.021634615384615384 0.016826923076923076
1 0.5769230769230769 0.27403846153846156 0.03365384615384615 0.016826923076923076
1 0.5721153846153846 0.25721153846153844 0.07451923076923077 0.04807692307692308
1 0.5576923076923077 0.32211538461538464 0.04807692307692308 0.08653846153846154
1 0.5240384615384616 0.33413461538461536 0.0625 0.08173076923076923
1 0.5336538461538461 0.38461538461538464 0.028846153846153848 0.02403846153846154
1 0.5264423076923077 0.4639423076923077 0.021634615384615384 0.028846153846153848
1 0.49038461538461536 0.46153846153846156 0.028846153846153848 0.040865384615384616
1 0.38221153846153844 0.4831730769230769 0.036057692307692304 0.02403846153846154
1 0.4375 0.44471153846153844 0.09375 0.055288461538461536
1 0.4206730769230769 0.40625 0.040865384615384616 0.05048076923076923
1 0.3629807692307692 0.3918269230769231 0.0625 0.09375
1 0.3173076923076923 0.40384615384615385 0.021634615384615384 0.040865384615384616
1 0.3557692307692308 0.33413461538461536 0.0673076923076923 0.06009615384615385
1 0.4182692307692308 0.28125 0.06009615384615385 0.11538461538461539
1 0.47115384615384615 0.36778846153846156 0.06009615384615385 0.0889423076923077
1 0.4879807692307692 0.2764423076923077 0.07451923076923077 0.11298076923076923