1 0.6730769230769231 0.4495192307692308 0.08173076923076923 0.036057692307692304
1 0.6129807692307693 0.41586538461538464 0.05048076923076923 0.036057692307692304
1 0.6033653846153846 0.47115384615384615 0.057692307692307696 0.06009615384615385
1 0.6538461538461539 0.5192307692307693 0.052884615384615384 0.040865384615384616
1 0.6033653846153846 0.5769230769230769 0.06971153846153846 0.036057692307692304
1 0.4567307692307692 0.4951923076923077 0.13942307692307693 0.11057692307692307
1 0.5865384615384616 0.3293269230769231 0.03365384615384615 0.036057692307692304
1 0.5721153846153846 0.2956730769230769 0.028846153846153848 0.016826923076923076
1 0.625 0.3076923076923077 0.036057692307692304 0.036057692307692304
1 0.6995192307692307 0.34375 0.08413461538461539 0.09134615384615384
1 0.7259615384615384 0.3918269230769231 0.04567307692307692 0.04567307692307692
1 0.7620192307692307 0.5192307692307693 0.021634615384615384 0.036057692307692304
1 0.8677884615384616 0.37259615384615385 0.028846153846153848 0.016826923076923076
1 0.8052884615384616 0.2932692307692308 0.04567307692307692 0.03365384615384615