1 0.3269230769230769 0.5504807692307693 0.08173076923076923 0.036057692307692304
1 0.3870192307692308 0.5841346153846154 0.05048076923076923 0.036057692307692304
1 0.39663461538461536 0.5288461538461539 0.057692307692307696 0.06009615384615385
1 0.34615384615384615 0.4807692307692308 0.052884615384615384 0.040865384615384616
1 0.39663461538461536 0.4230769230769231 0.06971153846153846 0.036057692307692304
1 0.5432692307692307 0.5048076923076923 0.13942307692307693 0.11057692307692307
1 0.41346153846153844 0.6706730769230769 0.03365384615384615 0.036057692307692304
1 0.42788461538461536 0.7043269230769231 0.028846153846153848 0.016826923076923076
1 0.375 0.6923076923076923 0.036057692307692304 0.036057692307692304
1 0.3004807692307692 0.65625 0.08413461538461539 0.09134615384615384
1 0.27403846153846156 0.6081730769230769 0.04567307692307692 0.04567307692307692
1 0.23798076923076922 0.4807692307692308 0.021634615384615384 0.036057692307692304
1 0.13221153846153846 0.6274038461538461 0.028846153846153848 0.016826923076923076
1 0.19471153846153846 0.7067307692307693 0.04567307692307692 0.03365384615384615