0 0.221875 0.6015625 0.0578125 0.084375
0 0.2 0.715625 0.084375 0.1109375
0 0.64375 0.5828125 0.0421875 0.15
0 0.2890625 0.459375 0.1 0.1578125
0 0.353125 0.334375 0.115625 0.1078125
0 0.4640625 0.2390625 0.11875 0.0953125
0 0.5203125 0.1859375 0.1265625 0.065625
0 0.7328125 0.15 0.115625 0.084375
0 0.828125 0.21875 0.053125 0.103125
0 0.7921875 0.28125 0.034375 0.15
0 0.771875 0.3515625 0.0578125 0.165625
0 0.7390625 0.43125 0.0578125 0.153125
0 0.6890625 0.5015625 0.0421875 0.1578125
0 0.565625 0.6421875 0.11875 0.15
0 0.4921875 0.7078125 0.1109375 0.1265625
0 0.3921875 0.784375 0.0953125 0.1578125
0 0.3109375 0.828125 0.0875 0.071875