0 0.3984375 0.221875 0.084375 0.0578125
0 0.284375 0.2 0.1109375 0.084375
0 0.4171875 0.64375 0.15 0.0421875
0 0.540625 0.2890625 0.1578125 0.1
0 0.665625 0.353125 0.1078125 0.115625
0 0.7609375 0.4640625 0.0953125 0.11875
0 0.8140625 0.5203125 0.065625 0.1265625
0 0.85 0.7328125 0.084375 0.115625
0 0.78125 0.828125 0.103125 0.053125
0 0.71875 0.7921875 0.15 0.034375
0 0.6484375 0.771875 0.165625 0.0578125
0 0.56875 0.7390625 0.153125 0.0578125
0 0.4984375 0.6890625 0.1578125 0.0421875
0 0.3578125 0.565625 0.15 0.11875
0 0.2921875 0.4921875 0.1265625 0.1109375
0 0.215625 0.3921875 0.1578125 0.0953125
0 0.171875 0.3109375 0.071875 0.0875