1 0.657555 0.430461 0.118672 0.171422
1 0.561406 0.843180 0.106625 0.133672
1 0.687875 0.166750 0.023438 0.029312
0 0.487445 0.332211 0.072078 0.058016
0 0.491844 0.118609 0.059781 0.087906
0 0.570086 0.090117 0.070328 0.112516
0 0.081680 0.333445 0.043953 0.100203
0 0.250469 0.378273 0.047469 0.119547
0 0.152883 0.414320 0.112516 0.072078
0 0.108937 0.426625 0.066812 0.082625
0 0.058859 0.398492 0.117719 0.174047
0 0.132664 0.546172 0.043953 0.114281
0 0.187172 0.550563 0.082625 0.087906
0 0.333094 0.573422 0.191625 0.165250
0 0.508016 0.647266 0.203937 0.161750
0 0.485164 0.540898 0.161734 0.184609
0 0.500984 0.499586 0.087906 0.091422
0 0.465828 0.435406 0.087906 0.075594
0 0.592406 0.529469 0.123062 0.267219
0 0.672398 0.608586 0.050984 0.077359
