0 0.508836 0.684648 0.114766 0.114766
0 0.329984 0.512687 0.213656 0.155187
0 0.362336 0.667125 0.078141 0.163719
0 0.410688 0.355742 0.175813 0.256391
0 0.379914 0.431047 0.256391 0.134781
0 0.656742 0.502102 0.110016 0.147984
0 0.664797 0.593602 0.143719 0.114422
0 0.601141 0.567297 0.121594 0.284219
0 0.495586 0.552648 0.168641 0.225609
0 0.338016 0.202992 0.147687 0.257391
0 0.404469 0.211852 0.071719 0.272141
0 0.465625 0.268570 0.095219 0.251984
0 0.565102 0.376109 0.215359 0.152375
0 0.518219 0.327023 0.104031 0.153828
0 0.742320 0.520242 0.261516 0.066109
0 0.783492 0.488695 0.168984 0.039672
0 0.844023 0.623500 0.300234 0.126156
