0 0.252789 0.828547 0.151922 0.280531
0 0.331898 0.847508 0.175109 0.263703
0 0.399398 0.847508 0.200422 0.267922
0 0.477461 0.864383 0.191984 0.246828
0 0.531266 0.875984 0.194094 0.227844
0 0.600883 0.859109 0.151891 0.270031
0 0.671555 0.816914 0.145578 0.341766
0 0.772719 0.613328 0.150000 0.272156
0 0.815969 0.538438 0.232281 0.324906
0 0.574477 0.288789 0.300641 0.214484
0 0.506617 0.195344 0.158234 0.258625
0 0.843070 0.446875 0.293672 0.306344
0 0.836117 0.398008 0.261016 0.293672
0 0.789281 0.300547 0.364813 0.265813
0 0.824727 0.246117 0.293922 0.146828
0 0.822195 0.203078 0.293922 0.121531
0 0.734852 0.118266 0.250891 0.073406
0 0.719664 0.095484 0.296453 0.134187
0 0.617250 0.096750 0.217719 0.151906
