0 0.887891 0.484813 0.224219 0.205688
0 0.906352 0.610250 0.187297 0.246312
0 0.273461 0.041789 0.248109 0.083578
0 0.283078 0.090164 0.205063 0.078484
0 0.229914 0.173586 0.326578 0.119234
0 0.208391 0.243203 0.222781 0.061000
0 0.162359 0.316117 0.235875 0.079266
0 0.139641 0.379844 0.272500 0.115875
0 0.096195 0.474414 0.192391 0.222703
0 0.176930 0.461961 0.192078 0.139172
0 0.136641 0.561586 0.219906 0.227078
0 0.223156 0.561508 0.134781 0.288766
0 0.301828 0.358820 0.101094 0.197797
0 0.299820 0.526664 0.133078 0.244172
0 0.334672 0.528148 0.128344 0.292016
0 0.413703 0.601109 0.089844 0.293781
0 0.387414 0.309359 0.086141 0.230312
0 0.426969 0.341883 0.101969 0.277766
0 0.477961 0.355070 0.091422 0.300641
0 0.463805 0.600234 0.049391 0.281469
0 0.497508 0.619023 0.083547 0.331641
0 0.550797 0.571180 0.040750 0.341766
0 0.511359 0.081336 0.165250 0.093172
0 0.584320 0.079578 0.254922 0.128344
0 0.518391 0.145508 0.140656 0.084391
0 0.522789 0.180664 0.152953 0.070328
0 0.565859 0.207031 0.154719 0.073844
0 0.616844 0.347687 0.151188 0.116031
0 0.770680 0.476023 0.142391 0.277766
0 0.758375 0.544594 0.142406 0.277781
0 0.704750 0.540188 0.094937 0.251406
0 0.648516 0.557188 0.090344 0.278375
0 0.594180 0.537039 0.074484 0.345516
