0 0.157766 0.610672 0.169625 0.334187
0 0.190672 0.637258 0.164563 0.286078
0 0.221055 0.654977 0.118984 0.311391
0 0.275484 0.662570 0.141781 0.306328
0 0.327383 0.653711 0.088609 0.313922
0 0.365352 0.670164 0.088609 0.331641
0 0.412195 0.685352 0.075953 0.336703
0 0.465359 0.682820 0.050625 0.346828
0 0.508398 0.656242 0.060766 0.364547
0 0.576750 0.658773 0.055687 0.349359
0 0.640039 0.642320 0.065828 0.336703
0 0.679281 0.606875 0.043031 0.336719
0 0.709656 0.591688 0.037969 0.336719
0 0.751430 0.589148 0.045578 0.296203
0 0.788141 0.625859 0.068344 0.364563
0 0.855102 0.595484 0.091391 0.334187
0 0.520234 0.357953 0.160750 0.188219
0 0.597664 0.345852 0.161766 0.235016
0 0.595328 0.470742 0.071625 0.301672
0 0.692703 0.356234 0.229531 0.214875
0 0.637773 0.276867 0.312547 0.166047
0 0.619516 0.212164 0.310219 0.161172
0 0.634102 0.151117 0.332078 0.095234
0 0.579781 0.092523 0.321094 0.080578
