0 0.310328 0.099352 0.227094 0.104016
0 0.285562 0.168508 0.290094 0.054203
0 0.234289 0.254867 0.284234 0.101234
0 0.270914 0.342773 0.161172 0.200859
0 0.181547 0.322992 0.257844 0.140797
0 0.155906 0.351570 0.256375 0.089516
0 0.273211 0.493586 0.063484 0.220984
0 0.193914 0.512016 0.151516 0.185562
0 0.174992 0.469281 0.172266 0.217312
0 0.109805 0.448531 0.219609 0.214875
0 0.093188 0.438156 0.169813 0.179469
0 0.348719 0.433273 0.077031 0.257609
0 0.382352 0.292250 0.095234 0.195344
0 0.414102 0.314844 0.102547 0.233188
0 0.508109 0.270891 0.210000 0.120875
0 0.467531 0.114594 0.098156 0.187531
0 0.623563 0.173195 0.222687 0.096703
0 0.661648 0.285273 0.134797 0.183141
0 0.811617 0.472828 0.114766 0.264937
0 0.761445 0.491867 0.095234 0.253953
0 0.700398 0.492477 0.102547 0.206328
0 0.668047 0.510789 0.089125 0.240516
0 0.605172 0.478437 0.092781 0.283250
0 0.565492 0.498586 0.101328 0.311328
0 0.520320 0.493703 0.081797 0.279594
0 0.472703 0.547422 0.120875 0.245406
