0 0.834414 0.392164 0.135547 0.219766
0 0.772961 0.370188 0.100203 0.179313
0 0.723734 0.346453 0.082625 0.181094
0 0.735164 0.413258 0.133609 0.300641
0 0.630563 0.502922 0.082625 0.279531
0 0.564633 0.460727 0.021109 0.385016
0 0.472336 0.457211 0.254922 0.159984
0 0.491672 0.360516 0.107250 0.230313
0 0.428289 0.238328 0.156641 0.263719
0 0.270937 0.475672 0.098625 0.175813
0 0.139172 0.455453 0.147688 0.212719
0 0.177852 0.284914 0.147672 0.036922
0 0.209500 0.351727 0.161750 0.050984
0 0.288609 0.142508 0.270750 0.050984
0 0.306195 0.079219 0.200422 0.019344
0 0.574211 0.281398 0.149609 0.226797
